1.575	-1.30942
0.928227	-0.473757
-0.00117772	-0.0703692
-0.0530073	-0.173496
-0.0624429	-0.120425
0.179658	-0.144159
0.847162	-0.566454
2.32651	-1.91178
-0.11689	0.0421629
-0.456928	0.111563
-0.452379	-0.0318478
-0.161832	-0.0839024
-0.00189293	-0.21604
0.118762	-0.277568
0.149266	-0.28498
0.12938	-0.299902
0.142566	-0.285408
0.193291	-0.298008
1.02379	-0.815573
0.896181	-0.534418
0.430403	0.0557619
0.372183	0.169774
0.427188	-0.0849674
0.432425	-0.146565
0.394668	-0.173275
0.71092	-0.450832
0.683495	-0.209989
0.764242	-0.232336
0.928415	-0.491888
0.795198	-0.240934
0.75853	-0.210223
0.704413	-0.44943
0.252625	-0.52632
0.01918	-0.813211
-0.188669	-0.926143
-0.219678	-0.945499
-0.0697469	-0.869831
0.446098	-0.791761
1.00082	-1.0546
0.926087	-0.86146
0.956763	-0.898506
1.33468	-1.38149
1.55611	-1.74004
1.46119	-1.56148
1.48723	-1.43085
0.998966	-0.898781
0.883923	-0.627464
1.2083	-0.997034
0.917085	-0.7414
0.663444	-0.431324
1.18061	-0.886511
0.966626	-0.641302
1.01691	-0.497517
0.696496	-0.283776
0.938843	-0.973104
0.50237	-0.484869
0.137379	-0.0785638
0.692003	0.0983623
2.1052	-1.25975
1.90981	-0.889382
1.48587	-0.333189
0.503771	0.700628
0.269359	0.689699
-0.175214	0.735989
-0.539825	0.823475
-0.672125	0.422708
-0.76031	-0.0019697
-0.611142	-0.0670331
-0.258281	0.0886865
-0.148195	-0.0938362
-0.254615	-0.00625362
0.140569	-0.025537
0.78268	-0.552477
0.918278	-0.604255
0.818742	-0.432171
0.452566	-0.363711
0.562884	-0.502497
0.461937	-0.137046
1.27713	-0.747753
1.80198	-1.36678
1.26077	-1.00398
1.02428	-0.824597
0.823683	-0.640231
0.845258	-0.836243
0.79355	-0.933744
0.680964	-0.906414
0.622973	-0.781459
0.371154	-0.483823
0.625784	-0.68334
0.555934	-0.608413
0.580637	-0.495421
0.603522	-0.54054
0.623177	-0.489484
0.567239	-0.55066
0.49821	-0.511091
0.479998	-0.494643
0.583838	-0.643133
1.94642	-2.35283
2.78898	-3.07405
2.2304	-2.11074
1.36708	-1.51664
0.996709	-1.08191
0.902212	-0.958459
0.986559	-1.04025
1.1024	-1.04857
1.2407	-1.19727
1.2769	-1.22044
1.39087	-1.35612
1.55703	-1.70193
1.23212	-1.37156
0.856672	-1.00848
0.991437	-1.03513
0.762158	-0.60355
0.787793	-0.4509
0.929238	-0.58057
1.34967	-1.36222
1.07556	-1.23043
1.05403	-1.06222
0.943343	-0.880678
1.04104	-0.807123
0.642729	-0.232404
0.426747	-0.0612118
0.473891	-0.0457215
0.658503	-0.337632
0.500336	-0.379597
0.907447	-0.679949
0.589444	-0.284217
0.72245	-0.0131263
0.939391	0.415681
0.876007	0.28943
1.01653	0.382817
0.958079	0.170841
0.484018	-0.245997
0.727193	-0.283615
0.707424	-0.205195
0.731704	-0.298535
0.905141	-0.379798
0.816186	-0.476299
0.619116	-0.36039
0.521622	-0.324953
0.731462	-0.24551
0.491326	-0.319115
0.114689	-0.225811
-0.527455	-0.618921
-0.467188	-0.834913
-0.432395	-0.896171
-0.457504	-0.796116
-0.338448	-0.65397
-0.0919304	-0.612333
0.136057	-0.478822
0.284552	-0.408786
0.384568	-0.259423
0.381609	-0.268783
0.367139	-0.316582
0.248729	-0.225845
0.107985	-0.183312
0.0955721	-0.260504
0.257261	-0.357156
0.924964	-1.00347
1.77713	-2.01106
1.9843	-1.55122
2.22752	-2.32602
1.154	-1.42407
0.491541	-0.722957
0.183882	-0.402147
0.141386	-0.369594
0.223738	-0.439058
0.396474	-0.562379
0.877898	-0.659919
0.993194	-0.752067
0.990255	-0.905286
0.980741	-0.658584
0.78392	-0.569827
0.871692	-0.438564
0.611729	-0.239307
0.465788	-0.207657
0.0954962	-0.256907
-0.0482425	-0.228927
-0.00793208	-0.152482
-0.0127026	-0.0279261
-0.0583062	0.0588209
-0.0727979	0.0619027
-0.172139	0.20575
-0.269302	0.275334
0.115559	0.0749774
0.932565	-0.974094
1.17547	-1.38203
1.31099	-1.40533
1.06929	-0.80812
1.07485	-0.865512
1.35291	-1.27198
1.1257	-0.882695
1.47457	-0.882766
1.0862	-0.543962
0.928356	-0.435544
1.01652	-0.611563
1.39376	-0.954997
0.919468	-0.51175
1.04695	-0.759499
0.993309	-0.504114
0.729204	-0.215049
0.896789	-0.359807
0.848577	-0.180306
1.04875	-0.453039
1.1404	-0.510865
1.09703	-0.564208
1.02041	-0.537321
0.854877	-0.329101
0.837977	-0.244673
0.89004	-0.0801561
0.996867	-0.251966
0.874586	-0.392792
0.965958	-0.715606
1.18658	-0.822807
0.453856	-0.484546
0.521696	-0.264496
1.15658	-0.565157
1.15667	-0.592035
1.18302	-0.56531
0.546201	-0.139352
1.0464	-0.641135
1.08278	-0.833017
0.26924	-0.392809
-0.11378	-0.133308
-0.238047	-0.43104
-0.0717621	-0.631073
-0.0222005	-0.604529
0.0813026	-0.568685
0.323038	-0.556514
0.561833	-0.926943
0.348401	-0.556043
0.760441	-0.568183
0.610902	-0.366833
0.681411	-0.0171959
0.840644	-0.0409059
1.121	0.150836
1.1065	0.462406
1.11404	0.55244
1.1394	0.639462
1.06395	0.493617
1.00448	0.311792
1.11647	0.418323
1.26765	-1.02846
0.969706	-0.702668
0.792277	-0.597559
0.614168	-0.47501
0.542588	-0.499233
0.549452	-0.649116
0.631136	-0.833022
0.817035	-1.04872
0.840412	-1.06338
0.910395	-1.00342
0.98753	-0.923489
1.08098	-0.978201
1.01712	-0.766151
1.20359	-0.622714
1.27274	-0.581614
1.23501	-0.555008
1.01586	-0.57287
1.03113	-0.557344
1.73814	-1.35877
2.09223	-1.85052
1.30778	-0.775266
0.374459	-0.383592
0.211175	-0.247033
0.168009	-0.214217
0.533168	-0.684631
0.582079	-0.491241
0.712284	-0.48816
1.13089	-1.09118
1.53091	-1.57035
1.57425	-1.53351
1.08802	-0.722059
1.38628	-0.782905
1.24056	-0.769874
1.04499	-1.0774
1.01162	-1.08455
0.893185	-0.946636
1.01729	-1.02129
1.24605	-1.17659
1.69742	-1.31151
1.45961	-0.969689
1.27123	-0.942788
1.02059	-0.771404
1.03981	-0.903844
0.839094	-0.804304
0.833691	-0.817143
0.936012	-0.888996
0.202792	-0.377457
0.448148	-0.462791
0.519835	-0.401903
0.4006	-0.346889
0.371371	-0.304589
0.859356	-0.70323
1.56858	-1.42316
1.19204	-0.922753
0.793237	-0.635084
0.690177	-0.628051
0.751076	-0.589558
0.951341	-0.734459
1.13901	-0.576962
0.91069	-0.350408
0.884502	-0.333834
1.03668	-0.577636
1.52029	-1.26565
1.47243	-1.33154
1.76968	-1.85833
1.40778	-1.38712
1.15922	-0.952376
1.33298	-1.10571
1.28988	-1.0347
1.08496	-0.789153
1.06616	-0.891233
1.03512	-0.98478
1.05568	-1.07606
0.647433	-0.723073
0.532739	-0.775171
0.133476	-0.497079
0.0739231	-0.238938
0.448717	0.103939
1.1714	0.634957
1.45248	0.892927
0.691172	-0.136784
0.566218	-0.109521
0.539034	0.0114532
0.533684	-0.0720015
0.93884	-0.467899
0.736154	-0.237378
1.09951	-0.560308
0.558949	-0.375467
0.204101	-0.370742
0.0210826	-0.356286
0.074336	-0.297419
0.856648	-1.04476
1.07392	-1.24371
1.02034	-1.1284
1.02102	-1.14169
1.28065	-1.24216
0.741946	-0.574353
0.224954	-0.103288
0.492484	0.229051
1.19046	0.491692
1.51437	0.619203
1.01912	0.145889
0.817701	0.236801
0.8226	0.200732
0.410375	-0.0120668
0.619827	-0.0781596
0.655708	-0.0640585
0.658543	-0.296303
0.651511	0.0178912
0.542823	-0.159812
0.963209	-0.969754
1.11058	-1.20748
1.05629	-1.24754
0.728574	-1.05375
0.606065	-0.669786
0.570857	-0.422076
0.58471	-0.327796
0.647113	-0.320157
0.65722	-0.28233
0.65996	-0.230704
0.730457	-0.210101
0.717265	-0.204357
0.729843	-0.279398
0.74903	-0.386879
0.76343	-0.466529
0.683459	-0.399245
0.987334	-0.684755
0.938356	-0.659472
0.840462	-0.481002
1.13752	-0.482051
1.18953	-0.576406
1.04559	-0.34159
1.03027	-0.325988
1.1149	-0.182572
1.02612	-0.157267
1.21283	-0.477356
1.00779	-0.344054
0.920652	-0.499985
1.2271	-1.1893
0.916038	-0.904689
0.777983	-0.463361
1.15275	-1.12757
1.60497	-1.6426
1.65373	-1.86696
1.36127	-1.57892
1.27804	-1.25815
0.211178	-0.678944
-0.0241899	-0.811898
-0.209635	-0.924184
-0.136058	-1.0625
0.0863718	-1.07498
0.670491	-0.890867
1.2059	-1.06987
1.36408	-1.38695
0.912322	-0.870831
0.541219	-0.646372
0.990981	-0.699659
0.99662	-0.57244
0.879035	-0.333929
0.936221	-0.318115
0.881048	-0.249234
0.867407	-0.307866
0.846788	-0.40492
0.707166	-0.410865
0.654282	-0.567137
0.567926	-0.579565
0.903178	-0.461444
0.937666	-0.465474
0.859285	-0.24199
0.345516	0.0480781
0.612719	0.299724
0.400018	0.301946
0.535504	0.0120423
0.942025	0.391634
0.96514	0.332446
0.806735	0.295595
0.881361	0.0647165
1.10908	0.494277
1.06167	0.611936
1.2946	0.382641
1.12131	0.246751
0.796672	-0.202798
0.766122	-0.789496
0.56428	-0.593752
0.305224	-0.543337
0.31608	-0.570093
0.343951	-0.62154
0.647114	-0.731752
0.46261	-0.680029
0.224998	-0.681121
0.612543	-0.173595
0.961036	0.146377
1.15781	0.589438
1.19461	0.776019
1.35934	0.986256
1.10275	0.887954
0.854681	0.543057
0.682375	0.0954395
0.420691	-0.0467152
0.394457	-0.0737618
-0.132686	-0.628715
-0.27256	-0.688888
-0.255737	-0.729931
-0.305554	-0.421938
0.369419	-0.358464
0.26471	-0.62325
0.204582	-0.501866
0.239139	-0.584042
0.250111	-0.549611
0.135418	-0.402233
0.458233	-0.529436
0.648329	-0.525935
0.874397	-0.625407
0.67897	-0.918458
0.575057	-0.393366
0.774008	0.179695
0.611171	0.300448
0.939302	0.338757
1.01048	0.474611
1.06629	0.882057
0.675083	0.502372
0.547291	0.108946
1.00473	-0.832134
1.42072	-1.36007
1.45246	-1.29466
1.56562	-1.45921
1.64031	-1.53705
1.56437	-1.46658
1.43857	-1.3668
1.35561	-1.33349
1.15504	-1.19148
1.17944	-1.49433
0.948784	-1.31269
1.19465	-1.46182
1.25561	-1.52394
1.45346	-1.67459
1.59528	-1.79165
1.30522	-1.33598
0.91531	-0.856571
1.01354	-0.88772
1.37165	-1.23914
1.25814	-0.923926
0.135009	0.0163193
0.25581	-0.252148
0.642195	-0.911557
0.432839	-0.863573
0.380169	-0.843571
0.425944	-0.777151
0.459892	-0.571637
0.73768	-0.480939
1.40053	-1.35905
1.44413	-1.29806
1.45984	-1.31226
1.36952	-1.19778
1.27053	-1.16352
1.15174	-1.11587
1.30606	-1.13356
1.55465	-1.53757
1.26472	-0.883776
1.36175	-1.1587
1.29903	-1.0663
0.989279	-0.785715
0.0985641	-0.0388165
1.02953	-0.586365
0.987264	-0.67238
0.966204	-0.589625
0.326936	-0.0222457
0.393571	0.190863
0.684733	0.227072
0.561651	0.255797
0.74783	0.29671
0.804778	-0.107881
0.764649	0.10918
0.743958	-0.0432016
0.787117	0.109559
0.696261	0.168317
0.727193	0.0188443
0.637281	0.357462
0.720156	0.0459711
0.690957	0.112378
0.836864	0.37977
0.642796	0.0617517
0.599975	0.236636
0.719348	-0.102647
0.624313	0.204903
0.701282	0.174152
0.839644	-0.0897946
0.770767	-0.157356
0.881149	-0.199344
0.404941	-0.118553
0.269103	-0.0388689
0.262738	0.104958
0.330161	0.203294
0.625305	0.0872407
0.889132	-0.164875
0.670107	-0.139875
0.711416	-0.254697
0.761333	-0.129859
1.0323	-0.136398
0.90396	-0.347814
0.999689	-0.416702
0.809603	-0.137553
0.605132	-0.0846426
0.56946	0.024151
0.712474	0.298891
0.667268	0.159585
0.58111	0.115692
0.566662	0.230199
0.521157	0.0353418
0.858767	-0.431689
1.6534	-1.23907
1.42712	-0.904559
1.54516	-0.936997
1.49712	-0.800813
1.55488	-0.821178
1.71002	-1.03842
1.60477	-0.921694
1.42389	-0.706433
1.22428	-0.440501
1.73471	-1.13854
1.929	-1.53558
1.48143	-0.888011
1.50298	-1.07739
1.49487	-1.01236
1.38929	-0.834141
1.44341	-0.658433
1.38507	-0.717375
1.44534	-0.735254
1.14022	-0.52297
1.22227	-0.849851
1.27239	-0.897868
1.32978	-1.04483
1.74469	-1.63431
1.40269	-1.31517
1.25463	-0.913046
1.28488	-0.821159
1.08644	-0.601719
0.812851	-0.53995
0.680834	-0.31098
0.5383	-0.603621
0.230306	-0.703362
0.0821044	-0.802017
0.0676841	-0.830088
-0.0494314	-0.692529
0.205204	-0.692337
0.945882	-0.791834
1.27116	-1.14045
1.4484	-1.37863
1.51236	-1.43532
1.49711	-1.49289
1.03467	-1.02567
1.1579	-1.10933
1.02853	-0.751132
0.30885	-0.306995
0.00591549	0.0112229
-0.149586	-0.148105
0.0464441	-0.345352
0.234561	-0.506376
0.655153	-0.761361
0.662276	-0.654156
0.737368	-0.616661
1.1159	-0.899866
1.61313	-1.39331
1.58134	-1.34325
1.20065	-0.993956
1.01179	-0.800884
0.758665	-0.556993
0.834903	-0.608445
0.696065	-0.519461
0.732093	-0.448845
0.714249	-0.477583
0.817291	-0.534332
0.832503	-0.554031
0.952541	-0.58011
0.945602	-0.499506
0.246771	-0.940372
-0.249653	-0.828703
-0.394758	-0.951626
-0.300713	-1.02422
-0.231584	-1.11344
-0.103972	-1.05486
0.357649	-1.12997
0.711805	-1.0747
1.14031	-1.00458
0.820413	-0.617442
0.736489	-0.481622
1.11272	-1.13928
0.957612	-1.03311
0.616934	-0.75396
0.373001	-0.549502
0.623119	-0.62502
0.914629	-0.703212
0.897933	-0.444019
1.0309	-0.432497
1.15894	-0.588861
1.0888	-0.514727
1.36648	-0.999181
1.22702	-0.884566
1.40248	-1.12345
1.55384	-1.36391
1.54126	-1.35602
1.38135	-1.25077
1.19092	-0.915833
1.17296	-0.872994
1.34311	-0.826598
1.26268	-0.987847
1.55178	-0.999206
1.14093	-0.776184
1.25302	-0.926771
1.17103	-0.918668
1.14251	-0.747864
1.2181	-0.687242
1.26679	-0.659503
0.587752	-0.145185
0.960872	-0.0971274
1.14567	0.253967
1.16893	-0.0476353
1.10637	-0.216469
1.12719	-0.460789
1.16699	-0.485646
1.24606	-0.521236
1.26629	-0.51602
1.09772	-0.389389
1.25429	-0.400288
0.993156	-0.357758
0.762279	-0.113233
0.759257	-0.0944339
1.18843	-0.799205
1.04517	-0.622698
1.04794	-0.531175
0.716592	0.00903941
0.727217	-0.250142
0.763016	-0.138636
0.957909	0.255625
1.31107	0.668527
1.50557	0.786245
1.71253	0.894312
2.04436	1.52235
2.19626	1.76404
1.65816	1.06769
1.61081	1.09068
1.32618	0.562706
1.17976	0.211821
0.834919	-0.118915
0.260797	-0.946752
0.352202	-0.901056
0.411235	-0.942123
0.492864	-1.03961
0.552858	-1.12172
0.633422	-1.07776
0.724753	-0.997372
0.705956	-0.799686
0.571197	-0.452674
0.481613	-0.173265
0.485179	-0.0445054
0.347647	0.172457
0.23849	0.497839
0.299297	0.335256
0.416501	0.106888
0.397133	0.10161
0.243554	0.358941
0.271215	0.291784
0.352919	0.215258
1.03951	-0.451136
1.04913	-1.00429
1.11394	-1.12671
0.841674	-0.746609
1.08001	-1.05944
1.44773	-1.58739
1.19642	-1.36782
1.27855	-1.32244
1.51433	-1.37016
1.49603	-1.13878
1.29352	-0.928134
1.17294	-1.02519
0.997234	-0.13603
0.516627	0.179856
0.469806	0.325144
0.523309	0.33454
0.35228	0.142867
0.464506	0.287414
0.24057	0.209367
0.273071	0.235222
0.444124	0.303675
0.582537	0.0587332
0.719057	-0.206497
0.891165	-0.889926
0.539331	-0.578154
0.591625	-0.687945
0.207519	0.00215294
0.176689	0.632607
0.595864	0.105143
0.703177	0.023227
0.736163	-0.070929
0.51103	0.0812801
0.337984	-0.124728
0.468665	-0.0870054
0.748038	-0.531707
0.708218	-0.56357
0.605829	-0.416348
0.750445	-0.604827
0.510215	-0.31544
-0.130034	-0.0548548
0.166229	-0.209308
0.326244	-0.199978
0.350721	-0.197819
0.338975	-0.305802
0.468415	-0.487847
0.614564	-0.570953
0.853352	-0.695846
1.25402	-0.904813
1.34654	-1.10838
1.55346	-1.42488
1.14016	-1.07267
1.25378	-0.959514
0.411567	-0.325048
0.530597	-0.406257
0.79118	-0.474294
1.23369	-0.724224
1.22404	-0.620411
1.18533	-0.619217
0.837941	-0.294146
0.889174	-0.502307
1.1608	-1.16122
1.02402	-1.35463
1.1708	-1.52011
1.05663	-1.2752
1.22593	-0.84036
1.11247	-0.919975
0.719871	-0.131715
0.437771	0.0684385
0.403964	-0.00574514
0.738316	0.446195
0.71426	0.360256
0.909672	0.420747
0.489094	0.0091574
0.640924	-0.19822
1.08733	-0.584396
2.04627	-1.80037
1.79447	-1.4692
1.66064	-1.32139
1.43344	-1.10403
1.05143	-0.809558
0.921515	-0.733743
0.894009	-0.762921
1.11436	-0.964112
1.19828	-0.736993
1.68563	-1.19381
1.49946	-1.10009
1.34048	-1.03065
1.0316	-0.859675
0.89204	-0.712964
0.548721	-0.410564
0.384937	-0.12155
0.574432	-0.124737
1.21396	-0.863434
1.34663	-0.786195
1.08068	-0.604587
0.760832	-0.57376
0.753277	-0.636989
0.74284	-0.719723
0.803276	-0.837205
0.880663	-0.85604
1.06065	-1.00723
1.02896	-0.931386
1.11266	-0.976006
1.37709	-1.37699
1.00799	-0.782591
0.747602	-0.775398
0.555399	-0.567083
0.696527	-0.650412
0.893851	-0.284415
0.79203	0.119808
1.11905	0.0904472
1.02482	0.298033
1.06433	0.0597661
0.769871	-0.324765
0.834283	-0.909913
0.964373	-0.857163
1.15398	-0.914369
1.30549	-0.956435
0.524213	-0.0503105
0.545539	-0.0593187
1.49679	-1.27663
0.966909	-0.675237
0.999584	-0.592946
1.2622	-1.14884
1.45057	-1.27652
0.926233	-0.343845
0.5674	0.0981182
0.730157	-0.172438
0.489142	0.0524482
0.960908	-0.308569
1.51804	-1.02282
1.49491	-1.04452
1.82338	-1.48737
1.91794	-1.68123
1.72422	-1.642
1.25624	-1.16463
0.592011	-0.666018
0.485718	-0.733401
0.354834	-0.847947
0.280955	-0.824663
0.344102	-0.894809
0.330401	-0.870967
0.390736	-0.893785
0.631983	-0.998537
0.944685	-1.02448
1.02433	-0.914239
1.39009	-1.37965
0.513899	-0.796301
0.547818	-0.507184
0.0155906	-0.34618
0.357206	-0.663386
0.313789	-0.451596
0.825683	-0.896704
0.660914	-0.666003
0.94373	-0.797489
1.0379	-0.850174
1.07984	-0.771263
1.32466	-0.913609
1.2911	-0.802769
1.27704	-0.785378
1.36028	-0.928161
1.08581	-0.608696
0.99164	-0.558147
0.797782	-0.430296
0.890577	-0.388607
0.934439	-0.320702
0.870751	-0.14052
1.47621	-0.932383
1.56905	-1.02832
1.39233	-0.74323
1.36934	-0.793031
1.8802	-1.54121
1.47338	-0.827139
1.46715	-0.553908
0.754573	-0.142091
0.415242	-0.0383443
0.479058	-0.0971151
0.687634	-0.197711
1.2464	-0.804103
0.961822	-0.747004
0.808276	-0.610392
0.536392	-0.459998
0.339343	-0.457351
0.511317	-0.467452
0.399639	-0.338348
0.611719	-0.479822
0.404611	-0.216295
1.28628	-1.0042
1.69729	-1.52763
1.69998	-1.65244
2.13753	-2.21433
2.15483	-2.29888
1.60491	-1.53343
0.64514	-0.460065
0.504134	-0.701051
-0.00553618	-0.467395
-0.491005	-0.572969
-0.118692	-0.679404
-0.202067	-0.63673
-0.157679	-0.54949
-0.289702	-0.530239
-0.374031	-0.526374
-0.598973	-0.630731
-0.167536	-0.805629
0.153123	-0.660024
0.316692	-0.535675
0.356345	-0.408613
0.407255	-0.328507
0.446688	-0.278594
0.509529	-0.267092
0.523688	-0.211327
0.6636	-0.163622
0.644308	-0.473977
0.891867	-0.643346
1.13322	-0.797556
1.13179	-0.968343
1.12984	-0.724671
1.01037	-0.553408
0.805392	-0.255403
1.05194	-0.537209
0.966313	-0.360886
0.807905	-0.19493
0.881589	-0.512652
0.969826	-0.343003
0.968778	-0.264515
1.06853	-0.486707
1.24913	-0.357452
0.900381	-0.208383
1.00018	-0.266494
1.09438	-0.39924
0.651767	-0.300829
1.04425	-0.452679
1.37973	-0.874453
1.01858	-0.183361
1.06361	-0.299218
1.15019	-0.45853
1.05755	-0.280734
0.898208	-0.142581
0.900777	-0.277887
1.27288	-0.673896
1.36488	-0.717275
1.20033	-0.635181
1.11347	-0.659653
1.19062	-0.658539
1.08544	-0.397012
0.906495	-0.437396
1.14341	-0.614651
1.15593	-0.50383
1.04724	-0.371924
0.737585	-0.219819
0.796026	-0.305758
0.744696	-0.268436
0.961519	-0.115342
0.850836	0.0069904
0.841047	-0.00483102
0.789101	-0.197908
0.608087	-0.0784579
0.634399	-0.129373
0.56875	-0.264995
0.861435	-0.0783538
0.973348	0.0414118
0.815154	-0.0650238
0.985237	-0.300759
1.03054	-0.0588396
0.78545	-0.538698
0.453258	-1.07948
0.418645	-1.01642
0.423438	-1.04609
0.557034	-1.20483
0.356799	-1.07059
0.23594	-1.04845
0.212079	-1.03852
0.266653	-1.07292
0.244837	-1.08018
0.278147	-1.12323
0.211727	-1.11623
0.694845	-1.19969
0.882398	-1.4695
0.87593	-1.34881
0.895443	-1.0406
1.11508	-0.879182
0.695664	-0.562837
0.762884	-0.381967
0.898244	-0.442176
0.922804	-0.20197
1.05248	-0.472576
0.865712	-0.343112
1.11182	-0.245818
1.11185	-0.474468
1.0379	-0.103289
1.06436	-0.317857
1.28451	-0.526379
1.18253	-0.502142
1.17271	-0.254424
0.926299	0.0698141
1.06253	-0.39567
0.979967	-0.189314
0.847988	-0.169188
1.01359	-0.221534
1.2521	-0.403256
0.912531	-0.103675
0.704327	0.173396
0.556042	0.355272
0.829013	0.145877
1.05525	-0.376969
0.848234	0.0551983
0.943839	-0.119808
1.11194	-0.212636
1.33194	-0.699474
1.49556	-0.921938
1.72999	-1.36655
0.505441	-0.39746
0.624463	-0.329465
0.811816	-0.264614
1.32852	-1.08739
0.595051	-0.440915
0.348833	-0.0658601
0.405136	-0.302417
0.555152	-0.480969
0.536689	-0.229583
0.444726	0.112365
0.625961	-0.0327387
0.618718	0.0230066
0.493379	0.132853
0.746895	0.275038
0.710442	0.360535
0.782486	-0.0497331
1.43008	-1.00888
2.18939	-2.0724
1.51681	-1.08649
1.43482	-0.895598
1.49176	-1.01433
1.29368	-0.798257
1.0386	-0.524234
1.15687	-0.761868
1.27958	-0.964598
1.30385	-0.874671
1.55536	-1.00758
1.07982	-0.526614
1.43309	-0.994153
1.43217	-1.00852
1.69914	-1.14435
1.82716	-1.21059
1.51618	-1.16974
1.69686	-1.13631
1.29103	-0.909093
0.553665	-0.605672
0.413121	-0.422927
0.407756	-0.389758
0.981064	-1.21339
0.709652	-0.845106
0.541246	-0.640159
0.605539	-0.62462
0.716482	-0.667553
0.768756	-0.622742
0.811776	-0.678898
0.743966	-0.615158
0.659835	-0.557756
0.427557	-0.536653
0.427317	-0.590606
0.188856	-0.360931
0.495344	-0.585184
1.03514	-0.630218
1.33865	-0.990755
1.23175	-0.758115
1.01184	-0.810152
0.970766	-0.702788
1.00376	-0.623013
0.799065	-0.327888
0.998951	-0.41426
1.1254	-0.431606
1.07186	-0.330884
1.15636	-0.552757
1.0362	-0.281539
0.9612	-0.22203
1.14066	-0.549661
0.948816	-0.342695
0.548958	0.167198
0.626144	0.267808
0.809318	-0.151316
0.929122	-0.130427
1.27009	-0.677688
0.955808	-0.39399
0.963036	-0.0451819
0.868295	0.0406383
0.827854	-0.0243521
1.06856	-0.353558
0.891819	-0.335167
0.964833	-0.435244
0.995724	-0.348305
0.926417	-0.280217
0.790405	-0.237765
0.787124	-0.489366
1.02005	-0.810435
0.722959	-0.537058
0.856969	-0.215439
0.922284	-0.238555
1.02464	-0.305481
0.715903	-0.556608
0.876423	-0.761742
1.95893	-1.81654
1.81466	-1.53949
1.46334	-1.22971
2.04578	-2.16601
1.66238	-1.60212
1.61524	-1.32807
1.52127	-1.10204
1.85798	-1.41708
1.12992	-0.243727
1.54464	-1.07071
1.13115	-0.740821
1.0757	-0.618945
1.69731	-1.23035
1.81114	-1.37382
1.67572	-1.28501
1.39815	-1.54809
1.64306	-1.72572
1.55009	-1.51857
1.45549	-1.37899
1.53975	-1.54915
1.60493	-1.65057
1.47611	-1.45677
1.2691	-1.18447
1.04188	-0.882486
0.855561	-0.702349
0.63956	-0.554001
0.412432	-0.45218
0.314196	-0.4234
0.225825	-0.286309
0.615294	-0.542457
1.036	-0.950988
1.03864	-0.754204
0.892015	-0.624736
1.06401	-0.676701
0.994136	-0.62382
1.30694	-0.640993
1.51916	-0.877696
0.732767	-0.239891
0.957611	-0.637199
1.2885	-0.761284
1.10217	-0.554069
0.951474	-0.392141
0.640293	-0.00153583
0.482713	0.153333
0.483026	0.0140293
0.351443	-0.0674427
0.320953	-0.264834
0.517999	-0.465713
0.658842	-0.642521
0.830972	-0.816045
0.586057	-0.539803
0.81207	-0.749708
0.814169	-0.771348
1.2044	-1.13764
0.715502	-0.261431
0.971521	-0.404571
1.24323	-0.650803
1.42554	-0.966193
1.50418	-1.06832
1.4183	-0.981256
1.16083	-0.925496
0.787304	-0.886282
0.221578	-0.78811
-0.247234	-0.545304
-0.333729	-0.340383
-0.274812	-0.349046
-0.221284	-0.415259
-0.0620731	-0.424221
0.0441565	-0.370429
0.263958	-0.373253
0.463012	-0.463818
0.6414	-0.540935
0.554886	-0.412259
0.611791	-0.538964
0.536565	-0.442283
0.707235	-0.797214
0.91872	-1.01433
0.788519	-0.608104
0.873255	-0.740826
0.929527	-0.667608
0.490504	-0.0325422
0.559744	-0.232249
0.666606	-0.685254
0.659748	-0.565164
0.692096	-0.560537
0.607281	-0.51843
0.432804	-0.46452
0.312094	-0.498167
0.278771	-0.47837
0.00217745	-0.490497
-0.179042	-0.623705
-0.411905	-0.411762
-0.552234	-0.309227
-0.520081	-0.134757
-0.523654	-0.168598
-0.368014	0.0878954
-0.197262	-0.0404639
-0.0986715	-0.113599
-0.130582	-0.245953
0.492766	-0.682108
0.657956	-0.590511
1.02455	-0.856934
1.01566	-0.937048
0.872699	-0.65363
0.818454	-0.268487
0.781721	-0.148926
0.707128	-0.226035
0.703326	0.113301
0.683539	-0.293606
0.753907	-0.178711
0.958151	0.218169
0.623372	0.169206
0.66553	0.225203
0.791954	0.0654211
0.945131	0.0510666
0.864731	-0.0644147
0.735624	-0.0425961
0.848372	0.0995737
0.766063	-0.0602855
0.565615	0.248607
0.638179	0.141446
0.832943	-0.213582
0.736067	-0.157569
0.755663	-0.360214
0.809364	-0.208418
0.795679	-0.170689
0.891795	-0.312758
0.949365	-0.388678
1.00728	-0.343899
0.99203	-0.545771
0.977838	-0.319001
0.992855	-0.382691
1.11639	-0.547039
0.904371	-0.29768
0.971367	-0.595007
1.14953	-0.5559
1.10147	-0.469325
1.14052	-0.449052
1.15436	-0.691656
0.648287	-0.688137
0.798973	-0.87644
1.25822	-1.34452
1.09574	-0.917386
1.25172	-1.0802
1.0115	-0.889147
0.922363	-0.92646
1.43955	-1.85224
1.11547	-1.40772
1.29504	-1.5168
1.63412	-1.86206
1.16996	-1.29973
0.778858	-0.834822
0.62942	-0.65668
0.553026	-0.618847
0.524348	-0.7332
0.375174	-0.853459
0.18861	-0.941423
-0.194327	-0.97304
-0.304427	-0.859189
-0.361083	-0.859256
-0.299362	-0.794278
-0.114506	-0.732068
-0.0634293	-0.628388
0.148248	-0.485633
0.214967	-0.336542
0.319881	-0.286953
0.408743	-0.215947
0.431577	-0.18658
0.543213	-0.314525
0.642428	-0.487406
0.761567	-0.741832
0.840051	-0.98083
0.717041	-1.06567
0.63584	-0.942584
0.43571	-0.798867
0.0886448	-0.723896
0.0106149	-0.735686
-0.102793	-0.695858
0.0197087	-0.582293
0.183999	-0.36884
0.243136	-0.490453
0.0458361	-0.478448
-0.138819	-0.334891
0.145052	-0.558399
0.147225	-0.749376
0.0499385	-0.749701
0.0674299	-0.757362
0.163926	-0.835918
0.341095	-0.976293
0.716804	-1.27061
0.568352	-0.909155
0.616162	-0.940349
0.741465	-1.07726
0.773426	-1.05185
0.819237	-1.07442
0.530849	-0.864701
0.710217	-1.01534
0.873664	-0.844048
0.811258	-0.743277
0.807039	-0.43484
0.842526	-0.602072
1.00411	-0.811115
0.677602	-0.533408
0.700308	-0.537481
0.400258	-0.00664707
-0.363442	-0.596952
-0.202234	-0.945708
-0.300406	-0.942981
-0.14064	-0.929929
-0.138457	-0.967918
0.222543	-1.02995
0.962914	-1.35332
0.866866	-1.09803
1.00982	-0.973221
0.959874	-0.773832
0.904108	-0.730217
1.11421	-0.993866
1.05838	-0.886211
1.15887	-1.01012
1.05029	-0.932776
1.02543	-0.876607
1.04716	-0.733808
1.12848	-0.870114
0.957791	-0.696319
1.11541	-1.19546
1.08859	-0.947367
1.37179	-1.08285
1.25753	-1.02227
1.15762	-0.759213
0.967879	-0.39582
1.07295	-0.593687
1.02125	-0.584454
0.789342	-0.292293
0.601696	0.00541352
1.11547	0.876846
1.04849	0.777879
1.24715	0.504092
1.13054	0.563061
0.973219	0.206974
0.729749	0.342397
0.742692	0.0333893
1.03301	0.840507
0.988827	0.74773
0.9204	0.312872
0.83943	0.203434
0.787748	0.450927
0.823416	0.113492
0.782445	0.206122
0.759582	0.262725
0.710231	0.145066
0.632963	0.0866225
0.544546	0.0204861
0.698241	0.121413
0.627292	0.345207
0.754864	0.116812
0.909771	-0.112016
0.92895	-0.102353
0.794412	-0.0234629
0.964782	-0.171883
0.964053	-0.296029
0.961152	0.00818325
0.969974	-0.149233
1.15909	-0.310763
0.932204	-0.0143407
1.11553	-0.340209
-0.152632	0.0138846
-0.149341	0.105293
-0.301559	0.108142
-0.354949	0.139405
-0.494933	0.119472
-0.343531	0.225066
-0.0496794	0.207306
0.316539	-0.0207726
0.547537	-0.00561333
0.666056	-0.132067
0.638322	-0.272485
0.292201	-0.131469
0.349671	-0.186132
0.448682	-0.111691
0.708719	-0.349054
0.836659	-0.39995
0.42483	-0.178366
0.363565	-0.383923
0.547004	-0.546799
0.59932	-0.385831
0.641028	-0.520316
0.927634	-0.945329
1.01666	-1.28229
0.639879	-0.960388
0.462607	-0.641232
0.243621	-0.506802
0.201787	-0.290028
0.662922	-0.701336
0.245983	-0.108907
0.770701	-0.695486
1.01864	-1.12947
0.727067	-0.705574
0.348791	-0.316279
0.208367	-0.27655
0.188959	-0.161445
0.234433	-0.232631
0.692232	-0.267993
0.725041	-0.236379
0.840079	-0.29146
0.991867	-0.458113
1.17551	-0.739548
1.16191	-0.786267
1.28609	-1.00721
1.26807	-1.08487
0.884846	-0.571127
0.687012	-0.349258
1.00211	-0.521473
1.54562	-1.19779
1.80344	-1.56527
1.50786	-1.18478
1.21602	-0.901094
1.11423	-0.928488
1.17715	-0.96287
1.56368	-1.23556
1.3563	-0.999436
1.30969	-0.966063
1.18637	-0.870121
1.04626	-0.725005
0.976928	-1.20528
0.82806	-1.07147
0.505298	-0.374517
0.465442	-0.709906
0.464823	-0.662187
0.592368	-0.711678
0.512276	-0.674664
0.882499	-0.928749
1.13211	-1.15612
0.92363	-0.790499
0.872766	-0.620433
1.01848	-0.596541
1.22272	-0.674741
1.62082	-1.07088
1.6512	-0.984282
0.968961	-0.380324
1.06533	-0.409038
1.73594	-1.43007
1.11718	-1.12446
0.880997	-1.14778
0.641158	-0.948511
0.266013	-0.674041
0.527634	-0.334668
0.694454	0.328131
0.779028	0.317452
0.746056	0.404081
0.809528	0.281071
0.558246	0.0902884
0.893548	-0.443518
1.04941	-0.656326
1.22437	-0.756102
1.24841	-0.990534
0.83544	-0.568211
0.751208	-0.45118
1.11505	-0.73383
1.87203	-1.40839
2.18616	-1.64176
1.75986	-1.14883
2.26537	-2.10169
1.75564	-1.52632
1.40984	-1.03797
1.09521	-0.572899
1.0379	-0.491705
1.46938	-0.771155
1.0538	-0.37052
1.12058	-0.414259
0.835404	-0.445237
1.1426	-0.685392
1.31875	-0.825569
1.01192	-0.618276
0.778399	-0.571158
0.631128	-0.686077
0.537811	-0.775663
0.414643	-0.824916
0.30254	-0.818743
0.19171	-0.86013
0.121042	-0.875311
0.19202	-0.897084
0.2243	-0.806619
0.351065	-0.677186
0.425331	-0.507699
0.41869	-0.457952
0.273505	-0.370926
0.298537	-0.555107
0.484232	-0.545505
0.424156	-0.520516
0.441236	-0.492651
0.44724	-0.446859
0.543537	-0.556926
0.605146	-0.613186
0.744402	-0.595731
0.855763	-0.58022
0.929821	-0.75724
0.825975	-0.720677
0.608117	-0.545127
0.488627	-0.430817
0.369908	-0.276052
0.47689	-0.309508
0.373914	-0.271051
0.970522	-0.946055
1.01258	-0.810578
0.599881	-0.293462
0.66517	-0.346867
0.807728	-0.435807
1.17825	-0.743186
1.42666	-0.957752
1.37981	-0.789972
1.33016	-0.804321
1.11492	-0.580607
1.22957	-0.713178
1.15192	-0.64745
1.25259	-0.645743
1.3429	-0.905175
1.43459	-0.974881
1.51359	-1.15293
1.25512	-0.970461
0.971372	-0.859891
0.715468	-0.692684
1.05538	-0.189856
1.45614	0.796972
1.28001	0.695087
1.31416	0.590471
1.16719	0.487253
1.11132	0.468124
1.36073	0.617538
0.777831	-0.103377
0.760027	-0.357434
1.04199	-0.9981
1.11035	-1.25853
0.90555	-1.07568
0.705588	-0.82059
0.552342	-0.627913
0.450204	-0.644169
0.216412	-0.498634
-0.13657	-0.208017
-0.234918	-0.2112
-0.0511286	-0.293315
-0.0345159	-0.171573
-0.0416375	-0.115383
-0.261058	-0.0755732
0.127467	-0.31347
0.469406	-0.654887
0.698611	-0.775211
0.826427	-0.612726
0.561504	-0.616452
0.710912	-0.277287
0.909014	0.211589
0.589488	-0.189393
0.643537	0.0223235
0.832433	0.0339245
0.707297	0.0534483
0.687345	0.102313
0.794376	0.137695
0.922094	0.148992
0.960501	0.322587
0.945936	0.0809555
0.903322	0.357318
1.07186	0.42141
0.829833	0.0359486
0.685566	-0.103806
0.663428	0.0203359
0.925805	0.328512
1.00067	0.106802
0.768267	0.246073
0.76166	0.240381
0.788242	0.0592852
1.05209	-0.303892
1.03436	-0.562597
0.94841	-0.299648
1.02747	-0.33431
0.79018	-0.135308
0.917357	-0.254837
1.04526	-0.415804
0.899962	-0.139437
0.622834	-0.0828358
0.881411	-0.430397
1.10038	-0.920457
1.20618	-0.773183
1.15065	-0.643717
1.14031	-0.611901
1.10921	-0.600833
1.21694	-0.828241
1.10241	-0.861196
1.00776	-0.929233
0.752571	-0.806137
0.371814	-0.492764
0.402472	-0.511346
0.147631	-0.254713
0.0836535	-0.232723
-0.00177878	-0.208402
-0.00206528	-0.452793
0.145877	-0.26495
0.131931	-0.331923
0.0353525	-0.348454
0.2491	-0.436968
0.617478	-0.237247
1.04541	-0.696721
0.927114	-0.41135
0.562382	-0.0920167
0.644431	-0.622323
1.23838	-0.880754
1.34185	-0.816697
1.53703	-0.832107
1.54013	-1.03712
1.57917	-0.942154
1.57995	-0.975238
1.72298	-1.42628
1.06384	-0.570793
1.0878	-0.588931
1.14456	-0.666827
1.11974	-0.735717
0.403979	-0.257459
0.447868	-0.261388
0.35196	0.0243192
0.833247	-0.249092
1.06578	-0.33608
0.807202	-0.122114
1.14066	-0.42773
1.23166	-0.619765
1.90889	-1.41906
2.76797	-2.77786
2.53109	-2.34126
2.13279	-1.86295
2.57611	-2.68482
2.45622	-2.35299
1.88664	-1.43283
1.51122	-0.83029
1.72103	-1.23984
1.39495	-0.841934
1.51634	-0.975329
1.58187	-1.17305
1.0025	-0.37917
1.125	-0.275947
1.24487	-0.77082
1.15989	-0.717328
1.45872	-0.915078
1.68749	-1.31945
2.02384	-1.84208
2.16775	-2.09691
2.08692	-1.93917
2.2461	-2.16652
2.24875	-2.08221
1.83974	-1.49117
1.69372	-1.19985
1.35425	-0.725601
1.43497	-0.84579
1.4464	-0.904274
1.22945	-0.744049
0.865235	-0.555314
0.741904	-0.461465
0.89087	-0.552595
0.930587	-0.491418
1.24611	-0.783287
1.69691	-1.32167
2.19096	-2.4653
2.00841	-2.25619
1.40034	-1.52072
1.11934	-0.831378
1.42711	-1.07094
1.2949	-0.902425
1.37263	-0.955658
1.53818	-1.13031
1.55006	-1.13774
1.74015	-1.3475
1.76912	-1.34128
1.56463	-1.19778
1.5139	-1.22098
1.2948	-1.00246
0.293088	-0.23914
0.311847	-0.261113
0.47318	-0.436257
0.93133	-0.858384
1.18706	-1.02561
1.96354	-1.72885
2.40927	-2.24227
2.14546	-2.06242
2.06861	-1.78942
1.7286	-1.2441
1.67308	-1.05071
1.6582	-1.02721
1.84786	-0.987759
1.47761	-0.815846
1.84461	-1.10672
1.78208	-1.25164
1.02171	-0.367109
1.08407	-0.545663
1.06255	-0.384026
0.782481	-0.0351252
0.817892	-0.13213
0.670919	-0.194397
0.794004	-0.0355553
0.933374	-0.220136
1.03945	-0.20885
0.968979	-0.296507
1.07774	-0.250572
1.07037	-0.394549
1.0961	-0.402408
0.62848	-0.304775
0.985367	-0.46833
0.992833	-0.110379
0.948301	-0.057756
0.908481	-0.226588
0.529527	-0.0719843
-0.0724593	-0.721373
-0.190306	-0.56416
-0.584936	-0.943249
-0.55953	-1.06149
-0.504247	-1.13111
-0.517565	-1.08399
-0.52082	-1.03722
-0.486239	-0.953647
-0.360301	-0.814814
0.107064	-0.876865
0.0420506	-0.761885
0.204477	-0.800831
0.892145	-1.15798
1.18733	-1.36206
1.1004	-0.894586
1.56243	-1.35082
1.58591	-1.2556
1.17807	-0.615005
1.03857	-0.440234
0.955772	-0.334589
0.929989	-0.302295
0.842148	-0.216655
0.885978	-0.319821
0.919808	-0.281732
0.879447	-0.245018
0.873799	-0.281167
0.857405	-0.276475
0.904927	-0.377681
0.92913	-0.494079
0.984883	-0.645381
1.13796	-0.817888
0.809024	-0.463052
0.60993	-0.168008
0.503555	-0.142528
0.981812	-0.544122
1.37818	-0.766284
1.09721	-0.590709
1.04832	-0.505446
0.600854	-0.164011
0.532874	0.0160208
0.0561725	-0.0316536
-0.153643	-0.0599098
-0.156355	-0.0702527
-0.0265025	-0.11497
0.14156	-0.171122
-0.0536272	-0.113257
-0.209461	-0.0962242
0.309708	-0.11693
0.578467	-0.0695603
0.734941	-0.620357
0.401379	-0.577999
0.583361	-0.52286
0.89397	-0.783557
0.961215	-0.918477
0.860917	-0.975296
0.569774	-0.649303
0.155689	-0.412486
0.211065	-0.100358
-0.207199	0.128876
-0.427081	0.301454
-0.692641	0.448851
-0.682512	0.515685
-0.699846	0.559605
-0.764989	0.560566
-0.328561	0.42864
-0.429685	0.635657
0.131445	0.156842
0.451355	-0.267608
0.810742	-0.765244
0.795145	-0.641118
0.715898	-0.21471
0.768311	-0.114939
0.772703	0.192578
0.758145	-0.405028
0.452742	-0.357761
0.484836	-0.377061
0.475078	-0.474416
0.433284	-0.46655
0.323296	-0.530704
0.316322	-0.632326
0.153168	-0.455809
0.0892552	-0.568605
0.0949778	-0.537054
0.34807	-0.493747
0.410999	-0.424717
0.298332	-0.629401
0.378114	-0.885385
0.42766	-0.81219
0.561688	-0.844884
0.642104	-0.861064
0.763516	-0.821138
0.892505	-0.919594
0.854598	-0.805036
0.819354	-0.732386
0.826231	-0.744226
0.759117	-0.681999
0.726304	-0.801136
1.12425	-1.33925
1.14686	-1.3958
1.23857	-1.49402
1.59993	-1.96933
1.18144	-1.47935
1.25656	-1.56471
1.20441	-1.45027
1.02234	-1.01544
0.439661	-0.693437
0.787716	-0.916292
0.812102	-0.915472
1.2563	-1.09423
1.05496	-0.83199
1.21579	-0.738522
1.09954	-0.633503
0.961366	-0.521891
1.11635	-0.554626
0.803659	-0.295046
1.29685	-0.541328
0.926143	-0.235648
0.838405	-0.188321
0.867149	-0.414065
0.636417	0.0163572
0.673608	0.119061
0.485576	-0.0321121
0.909731	0.0303977
1.04027	0.277921
1.45989	0.712463
1.17934	0.321353
1.12298	0.19587
1.06303	0.360221
0.892898	0.0653823
0.58548	-0.00734929
1.47083	-0.972473
2.54133	-2.26669
1.75746	-1.24501
1.80666	-1.35591
2.08683	-1.77042
2.29869	-2.13694
2.41813	-2.41453
1.17403	-0.941446
1.99651	-1.88387
1.99102	-1.80922
1.91278	-1.66284
1.65598	-1.3114
1.44494	-0.973399
1.55426	-1.14478
1.49742	-1.09966
1.5515	-1.19605
1.44025	-1.17805
1.40575	-1.27021
1.55153	-1.69136
1.24727	-1.28328
0.916445	-0.793155
0.676768	-0.681616
1.36938	-1.48244
1.07737	-1.03589
1.27302	-1.29578
1.70265	-1.50485
1.51654	-1.44833
1.42082	-1.26545
1.12233	-0.992966
1.42073	-0.522889
1.19575	-0.216652
0.444305	0.243588
0.0968962	0.183591
0.273702	0.230234
0.4197	0.139374
0.86463	-0.128953
0.294573	0.0888378
0.505947	0.0962341
0.630455	-0.141973
0.741699	-0.571041
0.60399	-0.419069
1.00495	-0.565509
-0.0714456	-0.280845
0.240712	-0.171146
0.479101	-0.151125
0.595513	0.131279
0.875973	0.324635
0.794356	-0.160548
0.727059	0.0411013
0.918721	0.209369
1.05384	0.257353
0.836096	-0.252698
0.303328	-0.909774
0.162627	-0.728331
-0.0371517	-0.60329
0.047881	-0.515888
0.0183096	-0.496045
0.12448	-0.21907
0.397589	-0.277049
0.436749	-0.286242
0.363857	-0.205378
0.337287	-0.231896
0.205807	-0.152016
0.739555	-0.145844
1.23578	-0.685293
0.642024	-0.32159
0.794146	-0.413968
0.540301	-0.483244
0.829843	-0.49628
0.781227	-0.514267
0.66524	-0.244296
0.85205	-0.397329
0.722369	-0.156551
0.711577	-0.420072
0.743236	-0.100608
1.19346	-0.607355
0.921872	-0.614184
1.10489	-0.961969
0.742362	-0.416135
1.11767	-0.825326
1.22593	-0.910341
1.03767	-0.711881
0.927455	-0.514613
1.01932	-0.839522
1.20006	-1.09092
1.04037	-0.956313
0.753973	-0.672038
0.710488	-0.756695
0.605301	-0.664534
0.718527	-0.798399
0.894203	-0.990919
0.92639	-1.02377
1.04113	-1.21902
0.793978	-1.06521
0.503576	-0.865296
0.641933	-0.419284
0.911696	0.0371922
0.86065	0.192585
1.08611	0.48906
1.06302	0.382074
1.15099	0.281442
1.265	0.406068
1.14991	0.239681
0.984212	-0.305879
1.04652	-1.13397
0.0916505	-0.677889
0.00474902	-0.644321
0.00667487	-0.537643
0.461737	-0.751697
0.214024	-0.573621
0.0680181	-0.344787
0.0479646	-0.374641
0.12703	-0.423903
0.126461	-0.516326
-0.0236037	-0.451434
0.165656	-0.331918
0.362623	-0.600111
0.37722	-0.554884
0.19101	-0.313699
0.369637	-0.002512
-0.156192	-0.0679147
-0.284107	-0.00581186
-0.249157	0.145538
0.115443	0.0951748
0.9426	-0.63592
1.38276	-0.982233
1.17505	-0.854001
0.841554	-0.787031
0.650256	-0.147901
0.849532	0.165019
1.05292	0.418477
0.940499	0.40375
0.948153	0.265474
1.03834	0.781355
0.716243	0.571577
0.6036	0.137641
0.539592	0.251017
0.540503	0.0674203
0.999452	-0.767794
1.2081	-0.973345
0.810477	-0.638193
0.881726	-0.822146
0.603107	-0.731085
0.160803	-0.611421
-0.205059	-0.56853
-0.341983	-0.681989
-0.38266	-0.625614
-0.379742	-0.699002
-0.288872	-0.759439
-0.203368	-0.772453
-0.131693	-0.762476
0.033623	-0.630797
0.1232	-0.6123
0.136778	-0.540046
0.361182	-0.417563
0.397735	-0.335557
0.385946	-0.252119
0.318022	-0.327814
0.391704	-0.58821
0.965448	-1.1586
0.93955	-1.08972
0.852928	-1.04544
0.853408	-1.0944
1.10965	-1.1955
1.20015	-1.22702
1.06652	-1.15963
1.12397	-1.19396
0.63891	-0.515474
0.653463	-0.579142
0.475159	-0.376956
1.07422	-1.01619
1.0467	-0.975404
0.844731	-0.638909
0.445401	0.104455
0.654321	0.237099
0.533647	0.0466738
0.594899	0.301415
0.606526	0.186612
0.482286	0.0684737
0.82717	-0.329661
0.985815	-0.254173
0.985098	-0.250093
1.06972	0.0491545
1.15482	-0.37057
1.12344	-0.414362
0.960391	-0.197015
1.00972	-0.312351
1.12712	-0.259607
0.954727	-0.194944
1.01197	-0.677035
1.17421	-1.01572
1.31521	-1.09754
1.47274	-1.16009
1.25389	-1.00313
0.798898	-0.773076
0.647703	-0.643549
0.646158	-0.508477
0.749067	-0.583973
0.819263	-0.671459
0.714983	-0.659046
0.565326	-0.640757
0.619548	-0.86646
0.600629	-0.981401
0.732176	-1.05559
0.817013	-1.00584
0.79292	-0.969125
1.08554	-0.961599
0.928669	-0.907501
0.576641	-0.254485
0.35722	0.068071
0.630127	0.34729
0.596614	0.343298
0.549239	0.147576
0.571315	0.237397
0.843928	0.164089
1.01039	-0.309087
1.31191	-0.642089
0.863642	-0.339724
1.47705	-0.262638
1.37442	-0.720275
0.967081	-0.892716
0.682918	-0.890245
0.829431	-0.910725
0.964894	-0.946995
0.834968	-0.683311
0.774884	-0.55741
0.737752	-0.481137
0.814008	-0.520951
0.737026	-0.450699
0.856254	-0.529598
0.882447	-0.62936
0.822904	-0.59919
1.01716	-0.610842
1.33453	-0.868756
0.483594	-0.379415
0.721949	-0.04606
0.920217	0.317222
0.896199	0.152073
0.8866	0.149927
0.855856	0.345806
0.887026	-0.024914
1.07708	-0.14822
2.06356	-1.99667
1.3129	-1.22601
0.928246	-0.836789
0.384562	-0.427551
0.392903	-0.515809
0.594812	-0.759125
0.603316	-0.339208
0.967118	-0.812428
1.35887	-1.14944
1.08517	-0.782729
0.963751	-0.762504
0.87013	-0.512651
1.3671	-1.10907
1.11019	-0.580142
1.3036	-0.936262
0.995936	-0.607066
0.93579	-0.603044
1.0715	-0.636205
0.209116	-0.362415
0.230043	-0.348578
0.664148	-0.443643
0.828474	-0.583756
0.754041	-0.550297
0.652561	-0.530743
0.898131	-0.803388
1.24528	-1.16982
1.00991	-0.960304
0.574836	-0.275669
0.559239	-0.768842
0.35553	-0.724136
0.351478	-0.771478
0.404057	-0.825484
0.573592	-0.972248
0.627183	-0.996861
0.782464	-0.986531
0.794	-0.829209
0.617964	-0.547113
0.397643	-0.30037
0.20146	-0.08832
0.584138	0.038292
1.01279	0.596748
1.03773	0.561775
0.808732	0.428223
1.15253	-0.30636
0.938742	-0.359843
0.966578	-0.240587
1.00904	-0.252492
1.37073	-0.931388
1.67092	-1.11557
1.34941	-1.08626
1.0238	-0.591098
1.27441	-0.722762
1.41535	-0.80766
1.34967	-0.762854
1.15852	-0.593028
0.959041	-0.469418
1.10527	-0.700076
0.411083	-0.342304
0.461992	-0.327274
0.570902	-0.330543
0.535171	-0.11885
0.777212	-0.32968
1.18379	-0.672289
1.40244	-1.21647
0.957834	-0.730334
0.199445	-0.340851
0.269798	-0.69826
0.408282	-0.725841
0.644168	-0.923771
0.740361	-0.867623
0.756937	-0.787196
0.626956	-0.715572
0.456373	-0.463483
0.498398	-0.350048
0.561371	-0.441962
0.769515	-0.591927
1.45489	-1.10786
1.73432	-1.35685
1.054	-0.606684
0.949404	-0.539033
0.829453	-0.392942
1.54545	-1.91229
1.35265	-1.64083
0.99468	-0.948308
0.923775	-0.468513
1.01222	-0.64756
1.08976	-0.762844
1.08596	-0.792642
0.998462	-0.786183
1.25679	-1.07736
1.34065	-1.13312
1.1915	-0.774516
0.938907	-0.498085
1.49712	-0.839256
1.53347	-0.720551
0.889689	-1.01034
1.1879	-1.17485
1.40485	-1.3506
1.44091	-1.34261
1.38508	-1.27517
1.41545	-1.38072
1.20204	-1.16161
1.32787	-1.32689
0.993028	-1.07233
1.60068	-1.42854
1.45551	-1.55626
1.12199	-1.06862
1.11335	-1.06411
1.33003	-1.24301
1.10941	-1.12144
1.46408	-1.55568
0.970643	-1.03592
0.471818	-0.819482
0.0858472	-0.70773
0.139552	-0.866429
0.128237	-0.889849
0.162045	-0.833329
0.260329	-0.713908
0.454722	-0.708975
0.518213	-0.625754
0.561075	-0.434018
0.800594	-0.471889
0.622522	-0.213104
0.519402	-0.0988142
0.516732	-0.0334982
0.579762	-0.0783659
0.319709	0.0676035
0.195645	0.0883931
0.467338	-0.321609
0.571284	-0.421844
0.650586	-0.366444
0.589195	-0.256977
0.673538	-0.238435
0.659849	-0.111756
0.836193	-0.235636
1.01535	-0.447826
1.1852	-0.631065
1.21201	-0.56524
1.08466	-0.581246
0.828372	-0.607174
1.03249	-0.569398
0.930519	-0.654012
0.891503	-0.605642
1.04025	-0.585432
0.931421	-0.190451
1.12093	-0.285766
0.994361	-0.465284
0.891989	-0.496929
1.08414	-0.252624
0.899637	-0.370601
0.0628274	-0.301355
-0.174886	-0.230733
-0.13339	-0.150618
-0.456464	-0.139374
-0.337589	-0.0672849
-0.0156105	0.0701404
0.751653	-0.128056
1.52997	-0.550924
1.70401	-0.852407
1.8028	-1.36169
1.12399	-0.519686
0.748629	-0.373879
0.419475	-0.383018
0.216881	-0.493463
0.0824246	-0.617485
-0.00520744	-0.691881
-0.0298406	-0.644327
-0.0273469	-0.573017
0.0287642	-0.513765
0.130442	-0.393461
0.345614	-0.361392
0.545509	-0.260517
0.775304	-0.261937
0.845441	-0.301837
0.980469	-0.412037
1.07718	-0.494626
1.2427	-0.684456
1.19456	-0.542144
0.929936	-0.199201
0.681594	-0.107066
0.674944	-0.123071
0.800477	-0.218835
1.04551	-0.386569
1.11084	-0.523144
1.05166	-0.487334
1.56162	-0.955537
1.57338	-1.01856
1.35705	-0.794621
1.40807	-0.838019
1.68001	-1.124
1.23444	-0.798513
0.861199	-0.339061
0.933504	-0.370968
1.35274	-0.982916
0.651301	-0.369316
0.829803	-0.386117
0.94525	-0.592754
1.01053	-0.762307
0.633889	-0.355413
0.569838	-0.467356
0.30193	-0.0114123
-0.529853	0.0382844
-0.648011	-0.285733
-0.482428	-0.638851
-0.397573	-0.682196
-0.272027	-0.499851
-0.0111577	-0.385406
0.36987	-0.403796
0.949624	-0.660243
1.43662	-0.889205
0.91991	-0.433
0.680387	-0.0424398
1.1716	-0.575845
1.21025	-0.684591
1.20543	-0.767361
1.09495	-0.572032
1.13237	-0.791252
1.07942	-0.795094
1.14687	-0.834519
0.637622	-0.514555
0.932263	-0.556553
1.05293	-0.579615
1.12852	-0.753013
1.08452	-0.682981
1.18683	-0.801845
1.21611	-0.819238
1.54618	-1.25474
1.72953	-1.47669
1.69074	-1.44942
2.17232	-2.20616
2.03186	-2.20064
1.08817	-1.15604
1.21874	-1.15968
1.41999	-1.36042
1.09447	-0.845642
1.50933	-1.20596
1.23899	-1.06636
1.29236	-1.12534
1.20678	-0.856838
1.30866	-0.947222
1.39989	-0.860116
1.12452	-0.569837
0.551989	0.586033
0.818826	0.41188
0.23701	0.251351
0.040167	0.201691
0.11391	0.371846
0.19368	0.33098
0.208051	0.351805
0.306493	0.346224
0.40941	0.238051
0.947277	-0.209375
1.66118	-1.12919
1.49397	-0.980211
1.26019	-0.769582
0.526529	-0.353776
0.639676	-0.330644
0.848159	-0.113209
0.868454	0.191992
0.959001	0.106879
0.853251	0.112555
0.821219	-0.0499972
0.796775	-0.222133
1.20906	-0.607334
1.2077	-0.714788
0.74038	-0.153764
1.00559	-0.457592
0.942622	-0.582548
0.924315	-0.360886
0.607955	-0.35563
0.771259	-0.210358
0.518362	0.105583
0.422495	0.25316
0.205767	0.385432
0.632304	-0.482682
1.0259	-0.979073
0.449297	-0.619536
-0.0947757	-0.136716
-0.071666	-0.223127
0.109052	-0.325323
0.335701	-0.50047
0.243747	-0.83876
0.161565	-0.900956
0.188475	-0.775101
0.628027	-0.684439
1.08815	-0.953623
1.44451	-1.35695
1.49119	-1.32883
1.39063	-1.29733
1.1872	-1.07968
0.541252	-0.516384
0.232871	-0.713848
0.22163	-0.854956
0.141227	-0.783791
0.162766	-0.577828
0.377555	-0.662715
1.32659	-1.74415
1.61844	-2.10708
1.5234	-2.03947
0.743769	-0.79009
0.579167	-0.235966
0.792518	-0.367013
0.976164	-0.552416
0.929628	-0.484097
0.957949	-0.518799
0.951042	-0.488816
1.12276	-0.721264
0.964266	-0.619587
0.967728	-0.696853
1.02678	-0.706894
1.03555	-0.821547
1.08168	-0.808039
1.26896	-1.05036
0.20242	0.0835734
0.135267	0.120806
-0.00843123	0.16844
-0.0487995	0.109028
0.226103	0.0310562
0.351375	-0.659834
0.251563	-0.249754
1.01066	-0.694597
0.291054	-0.0399548
0.541881	-0.0898296
0.54612	0.14634
0.522194	0.267817
0.559935	0.224402
0.371778	0.502046
0.358003	0.385025
0.497171	0.0960378
0.959324	-0.638836
1.14906	-0.856859
1.23172	-0.845788
1.2106	-0.913779
0.933564	-0.613245
1.05736	-0.687791
0.580779	-0.0314518
0.488596	0.0520994
0.620128	-0.27618
0.262794	-0.0318439
-0.00110161	-0.00612083
0.385454	-0.0730335
1.44581	-1.0271
2.68298	-2.33065
1.34003	-0.664389
2.39173	-2.08819
2.65251	-2.53384
2.80328	-2.66606
2.23354	-1.91901
1.33316	-1.14478
1.72536	-1.74648
1.54015	-1.62963
1.79509	-1.94185
1.50624	-1.50697
1.36771	-1.07952
1.20099	-0.716328
0.972278	-0.466534
1.13799	-0.678988
1.07976	-0.627347
1.00751	-0.68946
0.985953	-0.837169
1.16404	-1.2507
0.83254	-0.948074
0.817485	-0.504685
0.441802	-0.326712
0.126237	-0.216882
-0.0514702	0.17307
0.18539	0.126058
0.326156	0.246955
0.509512	0.265747
0.400323	0.108708
0.563937	0.280853
0.503378	-0.130035
0.6303	-0.683309
0.984206	-0.949313
0.960722	-0.743292
1.06784	-0.877613
1.37346	-1.15645
1.94453	-1.66472
1.84969	-1.51136
1.69971	-1.36801
2.15581	-2.01633
2.49559	-2.63679
1.4808	-1.09889
1.57168	-1.11804
2.3397	-2.31166
2.12133	-1.56147
2.14677	-1.55523
2.54722	-2.40119
3.04664	-2.88254
3.13939	-2.50533
2.99268	-2.41512
3.04034	-2.75435
2.30569	-2.03394
1.49041	-1.28807
1.32601	-0.908072
1.33369	-0.771186
1.09407	-0.597265
0.673268	-0.229998
0.322482	0.012186
0.326042	-0.0944349
0.197035	-0.0795065
0.213934	-0.0569797
0.175127	0.0819382
0.429868	-0.139062
0.787677	-0.409039
0.967042	-0.524348
0.945744	-0.510861
1.05457	-0.590016
1.47189	-0.995174
1.9738	-1.48183
1.83873	-1.091
1.48912	-0.786288
1.57666	-0.953546
1.29297	-0.786272
1.11004	-0.646482
1.28402	-0.914772
1.23328	-0.754942
1.4263	-0.868524
1.09307	-0.278205
1.04653	-0.46958
1.10602	-0.395824
1.14732	-0.486137
1.32722	-0.659298
1.13037	-0.54281
0.829916	-0.262826
0.981849	-0.310892
1.22618	-0.626199
0.771337	-0.692982
1.11197	-1.32305
0.692242	-0.773223
0.611223	-0.643159
-0.0719287	0.0809505
0.0458619	0.061488
0.0782351	0.00459955
0.119109	-0.0153484
0.111171	0.0227812
-0.0376839	-0.0347837
0.0201739	-0.241209
-0.0595052	-0.237054
0.150294	-0.308094
0.0837186	-0.217383
0.0540415	-0.118791
0.307473	-0.235645
0.630041	-0.528422
0.451372	-0.248073
0.18621	0.0482543
0.783238	-0.330325
0.757288	-0.493628
0.618692	-0.394556
0.99435	-0.794342
0.95925	-0.599246
0.855416	-0.475732
0.834422	-0.775268
0.571616	-0.510658
0.732891	-0.154819
1.0188	-0.970291
0.980165	-0.642362
0.897468	-0.236659
0.758365	-0.175841
0.899683	-0.425982
0.148796	-0.685496
-0.0735373	-0.707647
-0.148511	-0.770765
0.17216	-0.536792
0.123141	-0.532794
-0.337952	-0.515549
-0.000399429	-0.551467
0.0739577	-0.487628
0.134693	-0.511737
0.243077	-0.487078
0.365557	-0.482033
0.78639	-0.611423
0.848637	-0.648969
1.10398	-0.848058
1.51163	-1.13092
1.37619	-0.876655
1.39027	-0.879617
1.2806	-0.727268
1.68473	-1.08282
1.47641	-1.09185
1.27079	-0.841507
1.29652	-0.754895
1.28909	-0.721031
1.34333	-0.596008
1.19978	-0.834107
0.138973	0.384335
0.118924	0.381482
0.179367	0.338453
0.802522	-0.209491
1.28888	-1.5395
1.17313	-1.584
1.0541	-1.6116
0.887644	-1.39739
1.13619	-1.54842
1.00686	-1.16745
0.903062	-0.802578
1.34812	-1.04366
1.05658	-0.705051
0.925514	-0.532121
0.748722	-0.529749
1.1181	-0.725707
1.16487	-0.74626
1.26742	-0.802775
1.17447	-0.825857
1.40321	-1.26666
1.67224	-1.60315
1.01325	-0.725441
1.41883	-1.06371
1.19046	-0.662776
0.862782	-0.0786624
1.16829	-0.746078
1.27506	-0.766636
1.22111	-0.837692
1.15504	-0.775885
1.25189	-0.765791
1.23543	-0.659246
1.04711	-0.318264
1.15887	-0.5649
1.15444	-0.614862
1.80384	-1.65107
1.61296	-1.40113
1.66279	-1.38121
1.81864	-1.56092
1.52549	-1.08327
1.29556	-0.786823
1.1981	-0.563742
0.688217	-0.0719153
0.622934	0.0573252
0.438603	0.144592
0.390759	0.113654
0.442618	0.00552203
0.387048	-0.0254547
0.342596	-0.108382
0.531227	-0.307835
0.636584	-0.308153
0.343245	-0.0889915
0.38633	-0.272761
0.538037	-0.45645
0.570003	-0.514149
0.653147	-0.598229
0.857553	-0.846092
0.286323	-0.724939
-0.0903173	-0.881692
-0.0563968	-0.873661
-0.0195762	-0.75359
0.00718464	-0.804797
-0.0597905	-0.783435
0.235681	-0.676802
0.133367	-0.634451
0.392879	-0.857714
0.363944	-0.822995
0.293382	-0.770868
0.520608	-0.890588
0.400157	-0.565142
0.697617	-0.256114
1.10876	-0.554516
0.788836	-0.475415
0.972112	-0.511627
0.995305	-0.532339
1.10173	-0.444493
1.08081	-0.415415
1.2773	-0.665947
1.00677	-0.557168
1.253	-0.726208
1.16663	-0.530065
1.20185	-0.471411
1.10435	-0.514421
1.51041	-0.812751
1.44047	-0.61976
1.92896	-1.07808
1.96306	-0.947786
1.81123	-1.11059
1.43069	-0.647561
1.63127	-0.974576
1.83308	-1.25016
1.17073	-0.426678
1.17498	-0.870001
0.865715	-0.533641
0.269243	-0.340847
0.390455	-0.461481
0.303685	-0.403839
0.389788	-0.389916
0.528317	-0.49403
0.821613	-0.849596
1.13624	-0.870894
1.21497	-0.844242
1.38034	-1.0379
1.51588	-1.05926
1.58997	-1.12185
1.58822	-1.05236
1.77009	-1.32429
1.37468	-0.909394
1.08813	-0.650032
0.559423	-0.226298
0.185006	-0.0860353
0.248653	-0.356855
0.525906	-0.518387
0.671848	-0.555729
0.650677	-0.644154
0.827366	-0.747124
1.08124	-0.922181
1.11228	-0.910228
1.3496	-1.15912
1.90608	-1.84332
1.11365	-0.922658
0.0308222	-0.234151
0.0740565	-0.603386
0.402275	-0.625268
0.802539	-0.960622
0.79321	-0.790648
0.940993	-0.714088
0.989335	-0.619623
1.22042	-0.792216
2.03568	-1.68827
1.52932	-0.911839
1.82215	-1.46312
1.97863	-1.64779
1.78126	-1.47131
1.67285	-1.77994
1.83766	-1.93386
1.4521	-1.23133
1.10257	-0.397176
1.10027	-0.403424
1.36402	-0.852845
1.41156	-0.926936
1.49173	-1.13608
1.59033	-1.40276
1.46981	-1.10837
1.09988	-0.722592
1.44566	-1.03063
1.3103	-0.985183
0.965894	-0.492807
1.13841	-0.706654
1.34203	-0.718625
0.997457	-0.284976
1.30546	-0.660995
1.73829	-0.914403
0.766645	-0.0410331
0.531054	-0.485375
0.999194	-1.10512
0.707875	-0.776391
1.3531	-1.53419
0.886632	-0.930871
0.863454	-0.994441
0.906436	-1.08401
0.796677	-0.997896
0.590217	-0.556064
0.871216	-0.331115
1.19995	0.343214
1.50838	0.705731
1.26412	0.500641
1.02063	0.130245
0.924289	0.0116975
0.920311	-0.212969
0.752931	-0.278214
0.825778	-0.849986
0.746973	-0.660547
0.861615	-1.01739
0.765797	-0.954993
0.763095	-0.886469
0.714837	-0.869193
0.71121	-0.935567
0.822408	-1.20851
0.963396	-1.37937
1.28821	-1.71349
1.14365	-1.45729
1.06465	-1.30278
1.32436	-1.60648
1.15533	-1.18716
1.14652	-1.20168
0.877604	-0.860225
1.16648	-1.18603
1.2151	-1.27675
1.03144	-1.03656
0.951324	-0.640621
0.973894	-0.684001
0.979144	-0.421274
0.971643	-0.274077
0.95177	-0.458616
0.895079	-0.184494
0.919919	-0.207957
0.860988	-0.219866
1.2006	-0.513237
1.15492	-0.418057
1.03719	-0.400842
0.95786	-0.283298
0.919274	-0.349457
1.12559	-0.826574
2.11411	-1.80271
0.865695	-0.604893
0.492801	-0.275128
0.649572	-0.384865
1.29796	-0.957184
1.42328	-1.02937
1.39792	-1.49451
1.20819	-0.802052
1.01348	-0.771235
1.18727	-0.735989
1.25245	-0.759623
1.2701	-0.929828
1.2455	-1.01565
1.11951	-1.0299
1.40913	-1.3567
1.51311	-1.48708
1.46587	-1.55189
1.40466	-1.54789
1.0827	-1.2753
0.403245	-0.660605
0.218273	-0.89814
-0.100129	-0.988191
-0.104431	-0.655466
-0.0840077	-1.00982
0.285427	-0.86288
0.695739	-0.812581
1.15435	-1.40333
1.17074	-1.49094
1.07211	-1.32207
0.995507	-1.16312
0.582562	-0.561004
0.183922	-0.65081
-0.000642214	-0.880372
-0.00979567	-0.934492
-0.102533	-0.896668
0.0940406	-0.951354
0.141867	-1.01284
0.60816	-1.00713
0.669676	-0.909447
0.839565	-0.50348
0.925131	0.116446
1.14184	0.441752
1.22273	0.637948
1.33279	0.406294
0.989433	0.0464471
1.39013	0.573165
1.252	0.516751
1.36457	0.495417
1.47253	0.661701
0.984117	-0.017803
0.990139	-1.13986
0.962088	-0.89904
0.692389	-0.546088
0.790044	-0.607782
0.726569	-0.516965
0.512342	-0.43059
0.512084	-0.39309
0.651781	-0.460237
0.663872	-0.408971
0.369051	-0.115388
0.295734	0.0017495
0.349328	0.249648
0.167508	0.249124
0.214834	0.119864
0.0643019	0.136079
0.189356	-0.0375193
0.720858	-0.29798
1.22552	-0.81057
1.99677	-1.57817
1.28458	-0.635655
1.03785	-0.568549
1.31919	-1.11952
1.2587	-1.01693
1.08533	-0.712234
0.462135	-0.26141
0.507104	-0.340672
1.42125	-0.942258
1.0163	-1.15745
0.519844	-0.77376
0.492543	-0.853431
0.383026	-0.909577
0.621515	-1.14209
1.24553	-1.52663
2.07111	-2.16105
1.83236	-1.62964
1.49975	-1.21643
1.38751	-1.30098
1.12487	-1.33963
0.911998	-1.19724
0.804985	-1.08003
0.725755	-0.937497
0.801876	-0.999789
1.01395	-1.15513
1.23193	-1.27701
1.48397	-1.47821
1.1709	-1.11876
1.22743	-1.12929
1.23915	-1.11804
0.677967	-1.05135
0.427883	-1.01354
0.20033	-0.974465
0.0504874	-0.92209
0.551946	-0.920046
1.34737	-1.38447
1.05056	-0.926597
0.870462	-0.888223
0.100277	-0.989964
0.0586053	-1.0203
0.0250943	-1.01293
0.0759768	-1.01255
0.231025	-1.13945
0.201835	-0.94094
0.528153	-0.990597
0.462619	-1.04053
0.650161	-0.944622
0.469708	-0.763915
0.722488	-0.809124
0.592431	-0.363857
0.739879	-0.214525
0.793769	0.24597
0.609427	0.244334
0.79476	0.341453
0.591407	0.326684
0.431896	0.26718
0.518455	0.0497958
0.700623	-0.103833
0.749788	-0.142499
0.999744	-0.376943
0.722054	-0.27799
0.107586	0.0414285
0.527346	-0.225316
0.962404	-0.737696
0.0309341	0.229214
0.326008	-0.259646
0.946599	-0.88746
1.18793	-1.19434
0.815468	-0.759684
1.00362	-0.608787
1.46892	-1.05332
1.69724	-1.26211
1.24876	-0.781239
1.99879	-1.75693
1.64382	-1.0356
1.16492	-0.541654
1.08927	-0.65861
1.46113	-0.822733
1.08038	-0.488531
1.37786	-0.889
1.45864	-0.90099
0.765766	-0.509798
0.825902	-0.602169
1.38912	-0.950698
0.992825	-0.718041
0.888545	-0.84385
0.556205	-0.801553
0.285619	-0.741326
0.333668	-0.906068
0.281188	-0.927284
0.341486	-0.992233
0.392892	-1.01494
0.387662	-0.991879
0.555842	-1.05607
0.321837	-0.777975
0.576658	-0.889233
0.441191	-0.92422
0.473364	-0.816692
0.533103	-0.711276
0.705839	-0.683076
0.8624	-0.666051
1.26207	-0.967172
1.57612	-1.36021
1.55561	-1.26271
1.33338	-0.894154
0.693304	-0.430618
0.54943	-0.349551
0.228717	-0.183887
0.0653371	-0.0599966
0.295036	-0.0885455
0.457872	-0.410454
0.553971	-0.567831
0.516236	-0.273595
0.0235512	0.0985145
-0.332078	0.164364
0.0183912	-0.463041
0.563269	-0.911801
0.382483	-1.00725
0.255222	-0.757325
0.00450023	-0.792032
0.113858	-0.906974
0.322351	-1.00646
0.76675	-0.977331
0.966417	-0.756485
0.817458	-0.697224
0.498298	-0.575609
0.716675	-0.554944
0.993219	-0.62465
1.04221	-0.568372
1.00587	-0.576965
1.11498	-0.823729
0.944174	-0.713224
1.47526	-1.34801
1.19992	-0.75779
1.32712	-1.00286
1.12546	-0.927883
1.12911	-0.910954
1.62894	-1.29857
1.47595	-1.09038
1.58278	-1.39299
1.50286	-1.26148
1.31581	-0.991259
0.82097	-0.423719
0.798326	-0.0589772
0.915692	-0.102162
1.01438	-0.208273
1.05941	-0.314527
0.881685	-0.124116
0.957222	-0.193286
0.823382	-0.165208
0.79511	-0.0915922
0.837661	-0.384539
0.736605	-0.481066
0.646669	-0.338485
0.533881	-0.220726
0.539587	-0.250281
0.734227	-0.488076
0.538143	-0.357577
0.880629	-0.649367
1.36612	-1.06634
1.80357	-1.47277
1.3678	-1.06343
1.2958	-1.1132
0.626609	-0.674201
0.124107	-0.776675
-0.182294	-0.736431
-0.228417	-0.695882
-0.134901	-0.64983
0.0869817	-0.716581
0.334659	-0.716024
0.558696	-0.509582
0.691559	-0.410983
0.656104	-0.19652
0.607403	-0.124262
0.476009	0.0737526
0.659502	0.0468927
1.13583	-0.423503
0.514931	-0.250167
0.591696	-0.354558
0.790215	-0.474669
0.813711	-0.532994
1.2783	-1.07503
1.18192	-0.91513
1.0958	-0.800535
0.941276	-0.716321
0.745114	-0.483236
0.986303	-0.51024
0.831731	-0.360859
0.989012	-0.618972
0.909527	-0.350522
0.693163	-0.232184
1.10317	-0.981698
1.70075	-0.925918
1.53459	-0.756903
1.48684	-0.747911
1.28038	-0.582945
1.04626	-0.372684
0.972707	-0.387092
0.846205	-0.295577
1.01731	-0.444775
1.20141	-0.844954
1.51236	-1.19044
1.62568	-1.24538
1.17267	-0.655446
1.21922	-0.517754
1.20437	-0.535815
1.3039	-0.784071
1.23479	-0.745123
1.19175	-0.539614
0.856605	-0.137634
1.11478	-0.652135
1.49461	-0.879744
0.390906	0.0523198
0.800216	-0.16538
1.20201	-0.514987
1.15704	-0.469036
1.61432	-0.757273
1.90982	-1.22482
1.63321	-0.917661
1.64967	-0.987616
1.73693	-1.42838
1.02123	-0.524702
1.22098	-0.626282
1.05582	-0.423093
1.27542	-0.704584
1.1098	-0.518461
0.800447	-0.827727
0.509365	-0.887317
0.740671	-1.14923
0.658588	-0.973457
1.37834	-1.53628
1.7279	-2.04243
1.35347	-1.36487
1.04962	-0.691531
1.00103	-0.490418
1.34639	-0.858256
0.639996	-0.116754
0.561972	-0.0671047
0.701143	-0.172364
0.634191	-0.289445
0.586729	-0.300417
0.516826	-0.212622
1.0976	-0.656311
1.0475	-0.704363
1.35426	-1.0472
1.13062	-0.751621
1.34109	-1.16831
1.41721	-0.967046
1.11647	-0.683943
1.07081	-0.68616
1.09875	-0.76594
1.18995	-0.818987
0.887014	-0.626623
1.0717	-0.584192
0.579538	-0.396939
0.569023	-0.354633
0.834833	-0.476188
1.08536	-0.697299
0.879975	-0.400403
0.61749	-0.159369
0.560783	-0.052909
1.47303	-1.25733
1.29001	-0.894144
1.467	-1.07224
1.64526	-1.47832
1.64643	-1.55294
0.162625	0.0188064
-0.118615	0.176224
0.151148	-0.0896949
0.0856491	-0.249958
0.542261	-0.63414
0.839549	-0.627108
0.890204	-0.402838
1.05073	-0.527407
1.19974	-0.687695
1.326	-0.93169
1.30288	-0.837965
0.83527	-0.314684
0.745417	-0.465414
0.55258	-0.163849
0.570721	-0.174329
0.86421	0.420131
0.680197	0.531988
0.798824	0.864757
0.980669	1.01637
0.367539	0.726367
0.285904	0.35947
0.762401	-0.123798
1.04973	-0.585798
1.64779	-1.24341
2.03561	-1.98858
1.71769	-1.38821
1.4126	-0.844367
1.20021	-0.630049
1.16707	-0.628377
1.49629	-0.987016
2.04099	-1.80374
1.6746	-1.25979
1.64062	-1.25152
1.46093	-1.03814
1.37037	-0.910596
1.35135	-0.92525
1.22593	-0.729646
1.18632	-0.648109
1.20962	-0.554635
1.68331	-1.07074
1.49404	-0.864446
1.38714	-1.15714
1.34354	-1.09195
1.30994	-0.964216
1.00811	-0.869914
0.887616	-0.862139
1.03745	-0.86823
0.304021	-0.0784374
0.00347285	0.1886
-0.184454	0.353884
-0.472171	0.450377
-0.578628	0.225465
-0.343083	-0.0790488
0.37852	-0.74773
0.25828	-0.715087
0.281424	-0.62883
0.540488	-0.801444
0.8376	-0.94187
0.711754	-0.488908
0.821685	-0.648246
1.14514	-1.0155
0.837213	-0.657772
1.28898	-0.796831
0.895636	-0.631686
0.570416	-0.185133
0.954499	-0.556724
0.896486	-0.658185
0.982448	-0.597933
0.957121	-0.588531
1.13173	-0.650252
1.17546	-0.681867
1.39224	-0.915011
1.83265	-1.69763
1.93272	-1.9289
1.63102	-1.64578
0.771386	-0.489197
1.08637	-0.864271
0.959832	-0.552882
0.811865	-0.498208
1.24518	-1.04195
1.15387	-0.769477
1.27483	-0.945853
1.2116	-0.890196
1.26864	-0.80998
0.622104	0.00111565
0.67373	0.0677957
0.788009	-0.433446
0.556234	-0.71423
0.00848723	-0.69738
-0.0805149	-0.81076
-0.0467592	-0.811217
0.051271	-0.883713
0.0208386	-0.776817
0.0813839	-0.922309
0.254195	-0.797361
0.592821	-0.822077
1.04279	-1.30716
0.917967	-1.08385
0.871819	-0.955584
0.547883	-0.211699
0.724837	-0.296608
0.857519	-0.223729
0.73287	-0.0597576
1.19788	-0.692213
1.14389	-0.636815
1.24514	-0.721231
1.1357	-0.590872
1.08323	-0.482587
0.985106	-0.299347
1.07928	-0.311502
0.776996	-0.137028
1.09362	-0.378587
1.1969	-0.508989
1.18367	-0.49033
1.1924	-0.545025
1.02459	-0.359055
1.04294	-0.423206
0.856999	-0.159871
1.13434	-0.315328
0.962617	-0.324384
0.668512	-0.227845
1.12343	-0.601078
0.760729	-0.0495206
1.20057	-0.375459
1.31264	-0.576303
0.996907	-0.193491
0.96242	-0.313107
0.857146	-0.246146
-0.167471	0.0237278
0.673559	-0.21658
-0.0818483	0.30731
-0.228706	0.533059
-0.160248	0.367907
-0.140993	0.342618
0.482919	0.00741261
0.596959	-0.0789135
0.858135	-0.291555
0.802535	-0.224457
0.872902	-0.295606
1.23896	-0.695853
0.884185	-0.388434
0.648668	-0.194034
0.516934	-0.324272
0.422121	-0.384119
0.458551	-0.538506
0.713952	-0.79595
0.793333	-1.00934
0.85613	-1.15619
0.949105	-1.35944
1.05371	-1.16033
0.732752	-0.830468
1.00897	-0.496367
0.619819	0.0823492
0.838243	-0.0397777
0.783711	0.244449
0.751482	0.178942
0.902628	0.0672805
1.09423	-0.0892897
0.900986	0.100291
1.22491	-0.443713
1.95743	-1.54729
2.02344	-1.59328
2.01095	-1.44834
1.82022	-1.52865
0.997091	-0.981764
0.466675	-0.234914
0.694115	0.248277
0.631469	0.298849
0.899736	0.499642
0.884963	0.315941
0.819987	0.332592
1.06104	0.309557
1.21646	0.347116
1.00892	0.23469
0.775522	0.0085322
0.509647	-0.539128
0.522641	-0.428393
0.572649	-0.43113
0.51156	-0.310094
0.506751	-0.247722
0.612288	-0.218894
0.726485	-0.258231
0.729816	-0.0488567
0.84337	-0.368091
0.684803	-0.0752224
0.876899	-0.146897
0.818173	-0.173562
0.645823	-0.192252
0.707844	-0.285927
0.578029	-0.158095
0.542337	-0.221629
0.688861	-0.221546
0.772098	-0.360419
0.689992	-0.284887
0.736647	-0.250821
0.844033	-0.36067
0.94968	-0.472311
1.10505	-0.717259
1.15441	-0.833618
1.54139	-1.29737
2.15984	-2.23648
1.50789	-1.47932
1.36196	-1.34679
0.721233	-0.427617
0.685391	0.0998977
0.69724	0.175463
0.693954	0.29252
0.703365	0.367844
0.890282	0.46599
0.878789	0.443167
0.652818	0.164315
0.613177	-0.317643
1.03261	-0.691598
0.926767	-0.488398
0.974606	-0.215893
1.04661	-0.624122
0.907155	-0.347365
1.14086	-0.656591
1.00249	-0.340652
0.939129	-0.260273
0.573547	-0.445525
0.517191	-0.341276
0.538973	-0.21418
0.919933	0.281778
0.791457	0.182782
0.76393	0.213745
0.860533	0.476126
0.901626	0.162583
0.726944	0.263289
0.908203	0.0828363
0.773829	0.0494886
1.00291	-0.317435
1.27279	-0.864107
1.27132	-0.641478
1.63754	-0.81744
2.10386	-1.36693
1.4826	-0.895972
0.913169	-0.566644
0.709383	-0.44563
0.620278	-0.169622
0.766568	-0.263102
1.07971	-0.497895
1.28733	-0.807752
1.25686	-0.87767
0.769732	-0.452856
0.721695	-0.570924
0.903965	-0.188197
0.863817	0.275972
1.11401	0.190499
1.22822	0.290751
1.03012	-0.156155
0.702613	0.100176
0.385248	-0.0620586
1.0673	-0.84047
0.993566	-0.861272
1.59322	-1.37043
1.91277	-1.50444
1.30906	-0.921667
0.808505	-0.557454
0.331893	-0.167089
0.224945	0.0487473
-0.0880372	0.288615
-0.119874	0.428397
0.0172176	0.350166
0.326913	-0.305798
0.336261	-0.495189
0.380107	-0.549219
0.428562	-0.723967
0.773909	-1.01974
1.2228	-1.36302
1.01795	-0.896651
0.839526	-0.702481
1.24879	-1.07999
1.07546	-0.749927
0.963269	-0.644301
0.917687	-0.355147
0.816823	-0.646837
0.587843	-0.500443
0.962662	-0.455915
1.07443	-0.563106
0.8275	-0.281142
0.808334	-0.181427
0.84136	-0.197056
0.844308	-0.189868
0.65656	0.0980499
0.414056	0.395153
0.263463	0.441601
0.390648	0.307542
0.535563	0.354387
1.11215	-0.160787
1.16094	-0.289082
1.24628	-0.288711
1.10029	-0.535815
0.935389	-0.206297
1.18936	-0.422979
1.07495	-0.522265
0.889814	-0.440616
1.08668	-0.30807
0.82655	-0.15337
0.694549	0.055757
0.97503	-0.435688
0.855511	-0.356201
0.344009	0.424168
0.0538484	0.429143
0.272588	0.459346
0.449876	0.354559
0.618235	0.160437
1.65561	-0.79653
0.476108	0.964491
0.899621	0.52207
1.70952	-0.779627
0.865983	-0.173558
0.96495	-0.333372
0.948443	-0.396095
0.64526	-0.0634706
0.884274	-0.539655
0.760245	-0.292134
0.653494	-0.325947
0.493821	-0.0637202
0.340381	-0.0428721
0.425021	-0.0159636
0.538253	-0.196668
0.914276	-0.282039
0.655049	-0.349867
0.211105	0.00908208
0.155712	-0.0723971
0.133215	-0.0924896
0.31356	-0.146332
0.308415	0.0420796
0.0246573	-0.0263686
0.134677	-0.193737
0.290788	-0.182146
0.446839	0.022183
0.458169	0.329759
1.00221	-0.289088
0.971496	-0.599777
1.28875	-1.01468
1.02244	-0.724693
1.16264	-0.96806
1.77881	-1.5479
1.78387	-1.50784
1.60051	-1.33698
0.815181	-0.0592608
0.889304	-0.711482
0.339589	-0.473582
0.270244	-0.447346
0.202037	-0.324763
0.0239843	-0.0536423
-0.0181636	0.199985
0.178936	0.0507897
1.36815	-1.39715
0.985478	-1.10428
0.750006	-0.864861
0.809237	-0.846737
0.818947	-0.748527
0.983547	-0.858192
1.42042	-1.37807
1.85489	-2.02852
1.61301	-1.92526
1.16338	-1.15257
1.10132	-0.915915
1.08741	-0.910591
1.13568	-1.1386
0.722046	-0.795944
0.624168	-0.507859
0.478314	-0.875123
0.571757	-0.661868
1.30132	-1.32579
1.0867	-1.18091
0.684504	-0.797546
0.58657	-0.635819
0.554735	-0.609335
0.52965	-0.646675
0.453278	-0.583524
0.437957	-0.627737
0.43894	-0.59687
0.395778	-0.596121
0.408116	-0.563106
0.345411	-0.458919
0.233638	-0.293802
0.137982	-0.22822
0.28623	-0.251449
0.357865	-0.255045
0.409533	-0.23818
0.662777	-0.431567
0.711061	-0.376324
0.758476	-0.392968
1.03339	-0.71624
1.01902	-0.671158
1.01081	-0.605128
1.44356	-1.21499
1.33168	-1.15901
1.25863	-1.14402
1.01593	-0.982165
0.761176	-0.42572
0.754629	-0.456986
0.894117	-0.519015
0.921046	-0.454928
0.997484	-0.464807
0.964605	-0.407295
0.574571	0.0843148
0.628746	0.0468437
0.884548	0.171878
0.857539	0.109916
0.793324	0.277261
0.740279	0.103424
0.912108	0.451111
0.664396	0.298646
0.749773	0.127213
0.773132	0.356728
0.658258	0.170001
0.702089	-0.166639
0.908858	0.252561
0.66588	0.225713
0.841534	0.166995
0.784018	0.434391
0.663788	0.115027
0.858877	0.0870866
0.729068	0.194414
0.820249	0.077867
0.87786	-0.25532
0.921875	-0.424171
0.957306	-0.319043
1.08531	-0.323339
1.18293	-0.45825
0.856674	-0.411645
0.772187	0.112412
1.15705	-0.28511
0.980893	-0.178465
1.01944	-0.402116
0.720269	-0.493621
0.532518	-0.411177
0.579987	-0.39148
0.52612	-0.324408
0.375035	0.0113453
1.05222	-0.754192
1.89342	-1.52892
1.25306	-1.24638
1.12146	-1.16535
0.920726	-0.963423
1.32847	-1.2746
1.55195	-1.24826
1.01947	-0.573271
0.841988	-0.271547
1.13673	-0.560044
1.42957	-0.893083
1.67335	-1.15103
1.97418	-1.39515
1.24037	-0.957565
1.42411	-1.14707
1.28446	-0.777918
1.01643	-0.397526
1.22918	-0.692936
1.09267	-0.521148
0.988427	-0.558886
1.21179	-1.08456
1.07784	-0.515754
1.07902	-0.545505
0.998543	-0.40287
1.20573	-0.776993
1.54048	-1.23701
1.85306	-1.65728
2.44721	-2.39191
3.32918	-3.66989
2.13251	-2.37629
1.72868	-1.85923
1.30269	-0.922061
1.15814	-0.791095
1.45393	-1.20149
1.47768	-0.952651
1.42859	-0.645938
1.56201	-1.1959
0.754013	-0.435725
0.940777	-0.539933
1.14531	-0.816535
1.38165	-0.794377
1.67841	-1.28519
1.61681	-1.10501
1.7447	-1.34825
1.46315	-0.880666
1.49179	-0.983875
1.64209	-1.119
2.15706	-1.80892
2.37226	-1.98638
2.14882	-1.6656
1.97359	-1.17951
1.17719	-0.421266
1.1567	-0.247483
1.27171	-0.718514
1.12467	-0.903634
0.842428	-0.839942
0.817524	-0.871438
1.21794	-1.32306
1.17273	-1.22247
1.00906	-0.669232
1.37987	-1.0904
0.956974	-0.509881
1.0495	-0.759139
0.939503	-0.702154
1.89744	-1.78435
1.75075	-1.77325
0.952306	-0.734288
1.27542	-0.800217
1.49588	-1.08803
1.53763	-1.08151
1.77366	-1.37601
2.03951	-1.7231
1.64507	-1.18629
1.49991	-1.00287
1.59943	-1.1986
1.8934	-1.59068
1.99174	-1.68231
2.16907	-1.92261
2.28368	-2.06605
2.20699	-1.91634
2.65599	-2.51195
2.54603	-2.38808
1.93562	-1.57281
1.67739	-1.01871
1.66411	-0.947777
2.01405	-1.32684
1.61677	-1.04454
1.61708	-1.08242
1.72253	-1.19582
1.57094	-0.854654
1.78686	-1.12594
1.83671	-1.13716
2.16075	-1.65527
1.93824	-1.33738
1.87786	-1.26296
1.73106	-1.13593
1.85674	-1.29076
1.85684	-1.43901
1.28578	-0.959167
1.13924	-0.900434
0.993869	-0.855786
1.34713	-0.046839
1.67084	0.660673
1.52246	0.826446
1.35536	0.815618
1.37107	0.679705
1.31336	0.482478
1.33417	0.861263
1.60257	0.959233
1.39644	0.661339
1.25185	0.386141
0.835817	-0.400839
1.30681	-1.36133
1.714	-1.53218
1.65311	-1.32897
2.0929	-1.80234
1.73529	-1.09101
1.52253	-0.844817
1.80306	-1.24191
1.33757	-0.725609
1.7662	-1.36092
1.38768	-0.749462
1.45711	-0.932707
1.13604	-0.510108
0.952254	-0.370692
0.899946	-0.318156
0.842139	-0.312468
0.954681	-0.393357
1.00606	-0.405133
1.11875	-0.619657
1.01115	-0.839214
1.32108	-1.14286
0.985581	-0.664429
1.27004	-0.780723
0.830137	-0.238773
0.79151	-0.334997
0.688523	-0.625041
0.691193	-0.625227
0.579264	-0.692936
0.532375	-0.796847
0.530267	-0.847566
0.554436	-0.858401
0.628019	-0.883957
0.772134	-0.882287
0.840911	-0.763778
1.11938	-0.899611
1.0935	-0.840968
0.946098	-0.654267
1.09819	-0.789764
1.26427	-0.96127
1.05312	-0.845662
0.8701	-0.779004
0.841948	-0.753356
0.94967	-0.689213
1.17294	-0.826893
1.0495	-0.571598
1.16504	-0.592512
1.27427	-0.659182
1.26207	-0.734965
1.52008	-1.10708
1.28826	-0.853214
1.10249	-0.657025
1.04492	-0.46914
1.6563	-0.587365
1.87928	-0.810466
1.61008	-1.21589
3.13599	-3.26322
2.87422	-2.79387
2.39293	-1.96896
2.81259	-2.6766
2.32731	-2.03003
2.13527	-1.82884
1.80256	-1.41625
1.61147	-1.28502
1.38429	-1.05633
1.27233	-0.830221
1.21463	-0.890373
1.12591	-0.57827
1.03711	-0.624094
1.29522	-0.744413
1.12876	-0.530983
1.21732	-0.554293
1.27746	-0.196529
1.29816	-0.250563
1.3102	-0.990481
1.32753	-1.06509
1.31767	-0.939032
1.30381	-0.729014
1.31372	-0.691983
1.12824	-0.458243
1.20018	-0.669243
1.1167	-0.726645
1.13057	-0.917625
1.45132	-1.51977
1.53048	-1.84181
1.13798	-1.14421
0.691298	-0.892822
0.504009	-0.991616
0.288377	-1.01886
0.211382	-0.968689
0.0645447	-0.958482
0.067685	-0.888193
-0.0339218	-0.907703
0.0320044	-0.753463
0.16814	-0.647272
0.348865	-0.6385
0.497677	-0.65925
0.623478	-0.615623
1.13017	-1.14977
0.871839	-0.679022
0.986735	-0.756423
0.899466	-0.631332
0.805883	-0.236192
1.20919	-0.427465
0.934697	-0.168256
