-13.7346	-37.184
-29.7231	-35.3726
-44.5614	-42.2564
-35.0976	-37.8372
-38.3443	-35.1834
-39.1917	-26.4987
-22.4784	-26.8918
-19.0468	-33.9054
-24.5524	-26.4634
-15.3743	-13.4045
-14.2797	-19.1778
-4.85298	-26.7897
-0.782984	-26.6843
-0.387503	-26.6538
0.0195631	-36.1991
-1.75822	-33.5973
1.13655	-30.7331
2.71721	-19.828
-8.80271	-30.1306
-7.51524	-14.8384
-28.9348	-9.7373
-32.8791	-2.75171
-29.3879	1.86835
-38.4269	-2.39732
-49.4116	-12.9908
-42.488	-18.4373
-46.6465	-19.7524
-49.9235	-33.9856
-34.0317	-22.834
-24.8463	-13.0155
-14.0073	-27.4142
9.48394	-47.97
5.29587	-60.4735
-9.57177	-60.4291
-17.1048	-55.2986
-18.0864	-55.8461
-11.6872	-55.8127
3.22831	-67.3972
15.7182	-47.4799
12.6247	-45.9003
15.361	-42.5766
24.3534	-43.0589
16.3365	-46.2581
13.8568	-35.2341
10.1922	-25.7191
0.873704	-20.961
6.57455	-22.6861
14.4161	-19.9114
9.37661	-10.2298
3.06308	-26.387
7.15763	-24.1885
-3.78581	-28.4879
5.63244	-8.85795
3.76487	-19.2325
-13.1591	-41.0772
-44.0877	-36.4225
-50.3183	-31.6618
-36.8178	-30.2824
-27.4679	-24.9839
-31.2799	-25.7786
-24.3643	-17.3773
-35.3013	-16.0955
-35.1721	-16.6324
-43.7188	-19.2084
-43.6593	-11.5926
-48.5895	-16.6559
-48.1344	-19.8192
-31.4587	-14.7382
-36.0052	-15.6118
-28.978	-23.4771
-31.5676	-16.7303
-22.9985	-21.3215
-13.4323	-23.6965
-7.44303	-17.9241
-6.23265	-21.0727
-2.38424	-16.6604
-3.83631	-23.044
-14.8003	-23.8271
3.9857	-15.8581
-1.25293	-30.5699
1.37375	-43.0156
7.00478	-41.4488
-1.13151	-49.8033
-0.0128898	-57.6767
-6.9858	-65.4327
-7.63716	-66.7193
-9.12078	-71.1585
-11.9867	-59.8064
-4.42624	-63.2764
-8.97125	-61.7771
-5.64727	-49.2331
-10.6366	-42.4941
-15.0218	-29.8217
-19.3419	-31.4729
-21.7573	-39.7341
-16.7981	-36.6962
-8.2686	-38.5894
7.96452	-55.3294
12.1082	-52.8794
1.9742	-47.3982
-0.414724	-50.7015
-0.604021	-38.5115
-9.52714	-45.0635
-6.92873	-45.6798
-2.4392	-42.6701
1.76908	-48.7026
3.48919	-49.4363
10.2903	-49.1324
17.5118	-54.9993
27.1576	-52.3444
21.0239	-54.9343
23.0513	-61.8227
18.6856	-51.3232
23.1841	-41.4009
25.124	-53.0646
28.4356	-49.125
6.69265	-53.4277
17.5177	-33.3871
-0.991582	-33.2291
-4.75721	-27.146
-16.5987	-23.8222
-18.1759	-22.0573
-19.8669	-12.2836
-17.125	-21.7823
-8.29536	-19.5347
-1.82334	-28.9255
11.3509	-28.7949
12.2403	-35.5832
13.7891	-19.7897
3.52939	-38.7299
4.79109	-34.3591
1.1017	-28.3051
2.36119	-18.0587
-7.09447	-20.139
-0.531367	-14.1996
5.02754	-6.59462
8.93806	-10.0576
0.00711052	-21.0379
-17.9042	-34.4617
-12.4507	-31.6299
-2.42022	-24.1027
-9.15494	-19.6167
-0.581142	-8.60921
-2.11384	-31.1092
-18.4072	-48.941
-15.0473	-45.7805
-17.0241	-57.9083
-18.6485	-68.0019
-10.9617	-67.7229
-11.9609	-75.087
-9.8461	-61.6892
-9.68804	-39.2731
-16.6116	-33.9415
-27.4808	-35.0506
-29.2729	-27.97
-24.3352	-28.2178
-21.7839	-32.676
-17.3841	-35.6396
-9.70788	-46.5729
2.59523	-48.7132
19.6449	-25.1662
12.5533	-45.8828
-11.2604	-51.3245
-31.2157	-47.1306
-40.6437	-28.8788
-44.0375	-27.9483
-45.1566	-34.044
-36.8909	-21.4381
-22.8465	-25.8038
2.9653	-19.3239
7.30945	-24.6396
-5.61435	-29.4546
-6.67991	-21.1133
-2.59133	-17.1604
-2.56081	-20.2878
-18.3171	-19.0509
-46.0132	-36.6052
-63.2361	-45.7292
-55.9891	-27.2082
-57.4281	-15.7446
-54.1319	-13.7616
-50.9047	-1.40484
-53.5811	1.33512
-58.624	-7.04159
-48.0256	-6.06664
-40.3862	-14.0354
-40.1261	-32.1923
-40.7386	-35.6595
-39.866	-31.6386
-37.6684	-35.5855
-34.4921	-33.5794
-39.6043	-29.9742
-38.027	-20.7945
-25.7253	-15.1902
-28.7574	-22.331
-17.6058	-15.024
-10.8203	-5.88597
-10.2034	3.3476
-9.79514	-9.95659
-11.4983	-11.5635
-21.526	-0.191764
-18.2665	-3.96188
-28.1264	-11.8896
-14.7494	-2.02269
-18.4281	-12.5885
7.09121	-20.5463
1.81625	-26.8942
-4.50981	-19.6547
-1.95786	-12.9168
-1.58765	-19.1292
2.6152	-10.8989
13.8854	-1.42143
-32.877	-38.4758
-23.4268	-29.5047
-37.3873	-45.0552
-40.3398	-45.165
-33.1891	-36.1308
-29.0385	-32.1546
-32.946	-34.0738
-32.7519	-22.4481
-26.4408	-28.0287
-18.7645	-27.561
-19.6128	-29.4832
-9.75667	-15.4235
-8.21788	-24.3207
-7.95971	-38.2843
-2.30582	-37.8756
-4.58344	-36.1351
-2.02755	-36.9225
-0.912653	-38.771
0.266164	-37.89
6.97402	-23.1548
10.7911	-17.8744
2.53331	-20.5862
3.94885	-26.723
15.6983	-20.7724
12.1265	-12.5674
7.4818	-10.4985
13.8095	-7.44778
-1.76277	-29.3888
11.1186	-21.4167
17.8021	-18.9812
2.94562	-44.3653
0.233392	-52.0231
2.83703	-58.8009
2.74459	-58.1589
-12.0973	-71.4402
-2.57151	-60.2246
-3.79265	-62.0867
-8.34185	-72.4052
0.289672	-55.1731
4.51547	-51.4576
-1.25029	-48.1484
-3.5284	-44.6405
0.773113	-45.4543
2.57078	-19.0688
-5.97204	-19.9655
8.63735	-20.104
10.6947	-29.1915
1.00533	-32.6264
1.96616	-52.4517
-2.32233	-60.7046
7.50655	-38.6649
-11.6252	-43.8865
-32.5323	-58.6188
-34.1672	-46.0089
-28.784	-45.6796
-19.0951	-42.2827
-6.19765	-31.5627
3.02024	-30.7377
0.87079	-32.3039
-6.02555	-32.7379
-18.7075	-11.3385
-7.09953	-8.75672
-13.2442	-32.1296
2.21982	-34.892
5.002	-28.9596
8.26149	-28.0251
6.86686	-35.5935
-1.0699	-37.1504
-4.34382	-25.2592
-5.6778	-37.7955
0.72766	-51.1483
2.86661	-55.6277
-4.14968	-67.3587
8.68404	-54.5154
4.59075	-57.7069
1.87228	-46.2618
1.51002	-34.3366
2.93472	-39.0063
7.27944	-30.2694
7.46866	-27.6058
1.08169	-19.3959
-1.85066	-22.5419
3.31447	-39.3158
5.95844	-35.6793
10.693	-34.1301
13.9984	-29.3405
8.22219	-29.8638
2.77492	-21.3609
-14.1248	-5.90743
-19.8646	-15.1291
-8.77568	-15.779
-0.676901	-13.7419
-4.54662	-26.2281
-5.42704	-33.1092
0.918863	-40.1012
-12.1594	-53.1032
3.42769	-28.6607
-1.13084	-29.4234
-6.38132	-36.2982
-6.85091	-33.9487
-9.7902	-39.3665
-9.35652	-49.3698
-6.38575	-45.7399
-18.8775	-56.5535
-4.82386	-45.8993
-11.083	-50.4028
-8.81196	-24.9022
-10.333	-9.22002
-8.90392	-14.8302
-4.58192	-25.3398
-2.10876	-32.2881
-2.81234	-13.5535
-8.63769	-16.7485
10.6687	-15.6719
1.52735	-33.0621
-2.60366	-23.9014
-1.15917	-21.3796
-8.69486	-43.5305
-19.0021	-54.0309
-11.6735	-42.0085
-16.3358	-42.9814
-3.20795	-36.6413
2.99948	-37.329
0.939031	-41.3036
3.73794	-40.3213
5.29113	-34.6919
-0.434407	-27.5912
1.61302	-17.1942
-2.62715	1.65096
-7.44559	-6.1608
-9.86909	-8.62115
-27.2227	-34.3468
-14.2685	-35.173
-0.705795	-22.0512
-12.1319	-14.5285
4.14275	-10.6776
3.43603	-16.3696
-2.84084	-11.4522
-1.6673	-12.18
-6.81263	-31.2697
5.69375	-37.2778
-0.543104	-65.3856
-4.65718	-71.6182
-5.01504	-58.3114
-16.8878	-72.1948
-15.337	-62.0042
-12.1656	-57.7823
-14.1362	-58.3427
-8.39271	-48.0095
-11.2189	-54.7316
-3.6294	-46.6494
-8.79597	-35.1819
-14.1282	-25.6608
-19.4037	-14.5334
-29.4971	-19.0222
-38.9075	-20.1509
-33.9111	-20.9215
-36.1801	-28.9494
2.2043	-18.6866
7.25284	-11.8228
4.72834	-27.6138
-4.39352	-20.2883
5.55163	-9.66812
6.91467	-8.68406
2.42475	-5.89015
1.5311	-10.4383
-8.33147	-22.3917
-0.445658	-21.4933
2.85578	-33.8212
4.32777	-31.2115
-5.00205	-38.5815
2.38081	-41.7095
7.50102	-49.7596
12.0896	-45.789
6.13823	-51.1374
-3.76652	-45.8667
-15.9029	-46.3341
-5.64442	-44.6455
-8.56975	-51.1064
-18.3913	-61.622
-7.72469	-80.571
10.8323	-73.147
9.47058	-42.067
4.57687	-33.6324
6.26061	-29.3407
4.95777	-23.4673
-3.93051	-17.3876
-17.5315	-35.6612
-27.942	-31.3104
-17.22	-19.7296
-19.7382	-28.6853
-19.3131	-31.5722
-16.0146	-40.0418
-16.2395	-43.3477
-14.2491	-50.3069
-1.78797	-42.1936
-1.44322	-26.0844
-5.55818	-32.1101
-18.8934	-38.4474
-14.8336	-20.5233
-21.4506	-22.347
-19.128	-15.3469
-29.3901	-35.8523
-13.7894	-29.7219
1.55991	-23.0754
1.67285	-27.8395
0.160529	-30.3375
5.42757	-18.7183
16.3511	-11.8661
15.4384	-23.0894
10.4226	-32.1629
13.9731	-30.1106
1.99367	-66.4489
-11.8669	-70.8312
-4.0115	-66.7231
-13.6698	-68.7663
-2.75974	-62.6432
1.48597	-58.481
-6.46418	-61.0256
-0.0336354	-46.8411
3.71448	-28.3613
3.78474	-27.5329
-10.1711	-33.6077
4.91791	-18.7076
4.07274	-9.6953
-6.83823	-7.30397
-12.61	-9.83279
-2.96105	-18.5801
1.599	-7.24196
-7.44583	-22.8879
-5.04297	-41.3032
-15.2663	-68.261
-12.1346	-69.1234
-12.0906	-56.5029
-8.24699	-38.5688
-14.2035	-50.9334
-12.2542	-44.6895
-8.19462	-41.9618
-7.50336	-37.6127
-13.4048	-40.9424
-9.21902	-41.5916
6.4349	-34.1157
14.2405	-29.3636
14.3589	-48.5982
12.8427	-42.0184
4.29911	-32.5949
3.15935	-25.0789
-4.64675	-30.151
-2.96721	-38.3407
-5.18238	-21.0025
-12.3292	-27.4115
-4.84306	-28.6722
5.79281	-39.0837
-3.46811	-59.5627
-7.81966	-52.3244
-1.52082	-43.7492
-0.107726	-47.3475
0.506887	-50.7579
8.53096	-40.7206
-3.43283	-57.2396
6.19879	-39.8846
11.0358	-50.1549
0.354344	-54.7705
8.64318	-58.5375
11.5192	-50.063
8.34578	-50.3685
6.45695	-50.7831
4.82069	-47.4721
4.17991	-34.6473
12.6402	-23.7979
18.4901	-16.8803
11.3029	-16.0348
-24.3474	-11.3048
-28.1685	-37.1079
-3.67012	-57.0096
-1.92686	-71.8072
-3.20508	-78.0607
0.382136	-64.6695
-0.381859	-60.1205
-2.64643	-38.6434
6.7519	-39.0256
13.1299	-31.8155
15.1279	-27.2587
15.5083	-31.3033
18.7068	-31.5531
13.5792	-23.396
12.8345	-23.8418
7.09995	-28.8261
7.5295	-19.4049
11.4843	-15.1694
11.5795	-20.9259
5.14993	-13.1202
-11.4203	-10.8981
2.05415	-20.1885
-4.57492	-30.0894
-16.5186	-41.7104
-19.302	-29.1101
-19.2787	-22.5605
-10.7475	-16.751
-15.0711	-28.6751
-4.97324	-24.9543
0.697294	-29.3388
-2.9939	-30.6074
0.0699072	-33.5216
-0.786808	-33.1145
-8.18709	-40.9776
-2.06848	-28.9009
-7.20418	-24.1394
-12.2514	-33.1058
-2.70357	-27.9075
-10.3914	-23.6065
2.5981	-27.3015
-6.2384	-31.2542
-28.1216	-15.5775
-33.7192	-12.0426
-31.0219	-0.841614
-26.538	0.67913
-45.5932	-18.1324
-37.6393	-18.1639
-16.749	-13.8502
-15.9767	-11.7416
-14.5188	-4.79496
-25.2168	-25.3911
-28.3345	-26.4333
-30.8953	-29.9404
-35.698	-37.2174
-35.3381	-39.8918
-32.6238	-20.2249
-38.8255	-15.2641
-20.7423	-8.68563
-5.34398	-9.95003
8.83433	-8.90544
6.14109	-18.8379
-1.43846	-31.5146
6.72635	-33.6969
-0.912314	-21.4879
-10.7718	-18.1691
-11.6398	-23.5081
-15.4686	-33.9192
-9.26595	-17.9299
-13.9053	-27.0248
-13.1818	-27.6864
-10.0984	-23.7217
-14.4161	-21.9274
-12.4537	-18.8187
-14.6887	-22.263
-17.7679	-24.7213
-19.0295	-29.82
-22.1911	-34.4159
-8.14136	-23.9001
1.06842	-26.9378
-4.25675	-22.8126
-10.1984	-29.7617
-11.5148	-24.577
-6.07339	-17.606
-4.96746	-11.9963
-3.33022	-7.55545
3.93929	-5.86697
-3.09309	-19.1045
-0.74597	-21.6887
-1.64834	-30.0329
6.98635	-24.7308
12.3483	-23.6674
3.26196	-26.6363
-2.25723	-24.3079
1.74125	-19.7113
-2.06122	-25.6855
1.81236	-20.2843
-8.04024	-34.54
-6.42855	-59.486
-19.8234	-64.0514
-21.2831	-54.558
-14.7534	-49.9884
-13.096	-45.8238
-10.3354	-39.6256
0.905911	-36.8843
1.15065	-39.9486
3.59863	-36.5743
-0.9235	-38.6507
1.71276	-36.667
4.83251	-34.4425
1.01986	-42.0222
0.902238	-26.9037
-10.5352	-30.6297
-11.303	-24.7985
-17.007	-22.2679
-4.98882	-37.2763
-6.0274	-50.2829
-3.95115	-57.3127
-0.894137	-52.7812
-7.74829	-49.2928
1.03213	-35.5989
-0.4346	-38.8982
-5.25886	-42.6018
7.42866	-33.8591
7.44973	-30.7553
7.21182	-28.8389
14.5946	-22.6512
11.8053	-25.4516
14.01	-23.1845
14.4158	-24.1101
9.45256	-26.5988
5.84055	-30.1717
9.21287	-24.6853
7.15807	-27.6402
-10.3961	-62.1224
-21.8594	-57.066
-18.4107	-43.7647
-15.5956	-50.6018
-16.6036	-59.1192
-4.78851	-60.6994
-3.39999	-62.0012
11.2328	-41.8546
8.5552	-13.911
7.07113	-19.8776
4.56928	-21.4433
-19.8854	-63.0857
-24.8126	-67.8187
0.0415225	-41.3258
-8.18957	-67.1989
-7.42895	-65.4689
1.23643	-43.6374
-6.1617	-38.2085
-2.47224	-24.5052
-7.02265	-25.175
-12.5544	-18.4759
-8.47838	-15.2855
-11.7723	-16.8935
-15.8343	-17.0154
-15.1534	-17.1344
-18.9219	-19.587
-17.3894	-14.3876
-21.6398	-9.90762
-24.3675	-7.18171
-32.1103	-11.1817
-29.3407	-23.0065
-24.1283	-22.7024
-17.6338	-6.95265
-8.52467	-0.768844
-8.48721	-0.567691
-7.01701	0.507944
-10.2784	-0.578777
-13.7346	-9.29177
-5.19598	-8.9991
-5.34441	-17.16
-5.38898	-28.6633
9.59692	-21.3856
-0.771692	-21.741
-2.97302	-25.25
-0.119027	-25.1793
0.74892	-14.6653
-5.49194	-13.9753
-2.01959	-15.4465
6.91773	-15.8785
4.62795	-10.1355
-0.64246	-25.4105
3.35377	-19.8878
7.28668	-24.076
-4.02673	-30.3457
-2.46188	-39.9422
-5.84505	-34.4146
0.62309	-22.8254
-2.46516	-31.4922
8.19632	-33.0354
-0.663504	-27.8156
2.65878	-17.3086
6.40684	-31.5892
12.9395	-28.1746
8.86486	-20.1054
6.86732	-20.7886
5.86274	-36.2046
5.4076	-28.3284
12.5329	-40.6175
15.6412	-39.9929
9.91369	-48.1226
4.03249	-72.9901
10.8066	-64.9911
5.96386	-69.4415
5.57014	-69.386
8.64943	-67.0622
3.18685	-66.1614
5.93227	-54.0983
-0.155021	-40.6932
-8.96564	-41.2742
-26.2228	-43.2442
-23.8315	-28.2363
-28.1978	-11.4606
-32.9874	-0.496294
-30.1176	-7.08394
-29.8839	-8.1308
-25.1952	-0.2126
-29.2024	-0.784973
-40.5473	-19.8108
-32.2686	-25.9538
-9.32641	-35.3844
1.65558	-36.1896
-14.8265	-35.283
-8.38183	-35.4563
-6.19476	-39.7985
-0.603242	-35.8294
-7.51746	-39.6936
-7.91067	-32.3481
-1.93991	-18.7032
5.99879	-16.4477
8.1588	-24.0186
0.877047	-27.026
-4.16421	-20.8183
-13.3671	-20.516
-4.20168	-4.76203
-20.4283	-8.50269
-18.7113	-23.9017
-12.1015	-10.4521
-13.7647	-10.5204
-9.91135	-10.0498
0.0256365	-5.22034
5.77759	-9.31925
-1.74123	-30.1881
-10.0213	-33.8822
-5.4604	-30.4967
-25.1611	-13.0517
-40.2012	-6.684
-31.8316	-5.3173
-33.6661	-2.41915
-46.3176	-6.19779
-37.3374	-3.09648
-50.5032	-15.5677
-41.2518	-18.7218
-27.8727	-16.0253
-27.8693	-20.8816
-25.4311	-22.3525
-12.4359	-11.7492
-10.5833	-12.2534
-4.65994	-18.354
2.37239	-11.1343
4.02758	-16.9563
1.46165	-12.2554
-12.2216	-20.0805
-15.4264	-22.1649
-21.4395	-27.0079
-27.3754	-32.2803
-30.5155	-39.5861
-10.8689	-28.0323
6.43894	-30.4801
14.8588	-19.142
5.46051	-21.1514
-16.3957	-30.9432
-20.4339	-33.6392
-31.988	-17.9307
-38.5402	-15.4467
-29.6073	-16.6967
-19.6961	-10.8015
-15.9516	-21.1799
-16.8322	-29.1502
-7.69689	-35.7263
-2.36654	-46.5654
-3.13455	-46.2591
-4.82219	-37.3599
-0.450463	-22.2151
-0.950614	-21.6455
0.759993	-12.8346
-5.08298	-13.704
-7.9076	-11.1335
-6.49435	-15.4891
-15.1551	-27.9069
-3.86572	-17.173
-3.27967	-40.079
-4.66815	-46.2229
2.69314	-33.4793
-7.47827	-45.0772
-6.43047	-43.4538
-10.2378	-33.6054
-9.60414	-29.1431
-15.0368	-32.7792
-20.5424	-23.5542
-23.4264	-24.8472
-22.5474	-20.8371
-25.8717	-24.6316
-25.7225	-26.3238
-12.2559	-29.317
-3.3601	-26.4971
-2.34403	-19.8586
-7.41419	-23.5898
-6.10169	-11.287
-7.95454	-17.7618
-2.02125	-11.4518
0.536931	-23.3338
-11.917	-26.6683
-1.05056	-25.2775
-4.80475	-42.3016
-4.44224	-50.9389
-9.82141	-59.4408
0.752263	-54.0887
4.20218	-56.7424
8.25232	-53.1833
-6.68304	-61.4731
-1.25036	-54.1739
8.82847	-47.0924
-7.12573	-48.6652
0.580764	-40.1971
5.03223	-38.4408
6.46056	-34.9081
12.4684	-32.0325
6.19808	-29.3851
13.9956	-33.2279
10.7096	-32.8809
9.49398	-44.7817
25.3324	-28.3395
18.3325	-55.3644
15.2373	-53.1967
15.3871	-39.1249
5.96813	-39.9294
-13.5553	-30.492
-17.3107	-29.9855
-9.54276	-31.6405
-8.63561	-24.6311
4.39846	-17.8501
-12.74	-36.4628
-18.0485	-33.48
-14.0644	-21.5849
-7.98925	0.482948
-10.5715	-6.02963
-22.6637	-14.4858
-12.8092	-19.8363
-6.08716	-31.823
4.24975	-36.3176
6.95107	-46.0539
19.5126	-39.3981
14.6546	-45.693
9.2989	-50.7314
2.50687	-63.5276
-6.64709	-76.0996
-7.88236	-74.4686
-6.62264	-71.1054
-0.708639	-70.8268
1.95234	-72.1035
3.50195	-69.3649
7.97492	-64.198
16.6362	-38.2148
11.0425	-32.5739
8.73406	-33.3048
8.69424	-32.8176
-5.67471	-33.0066
-6.13401	-25.7488
0.483906	-36.7235
2.3577	-47.6191
3.06485	-51.9652
-3.16919	-46.9425
-1.00807	-46.3304
-3.04195	-47.5989
-6.66877	-50.2443
1.52094	-32.6014
2.3111	-30.6996
-5.52657	-26.3035
-3.18939	-22.8733
-18.2732	-23.0786
-22.877	-18.4163
-31.0593	-17.3857
-38.3772	-21.5325
-36.8087	-24.7517
-38.6989	-27.8214
-28.0173	-27.3101
-17.9848	-29.2421
-17.4751	-22.8059
-11.3349	-29.2014
-11.8331	-37.9603
-26.5899	-34.9428
-22.9362	-24.4933
-29.1499	-29.0482
-30.7083	-29.2759
-20.8846	-18.606
-24.9563	-21.0253
-12.921	-26.2853
-12.1766	-32.8983
-9.0939	-37.9797
-0.536749	-23.6182
0.958078	-32.8886
9.96707	-27.2898
12.3324	-28.0901
18.794	-25.8012
1.0043	-23.0393
5.51028	-17.7133
4.21214	-34.3418
4.67012	-43.5391
15.3243	-37.8015
17.9865	-39.5822
2.98469	-39.1726
-0.598495	-36.9351
-3.52343	-50.366
-11.5204	-49.2648
-13.3316	-37.9382
-0.891131	-37.8117
-5.37688	-48.54
-3.07592	-46.2273
-0.769732	-46.6996
-2.22875	-40.5031
-8.15364	-35.7029
-7.22432	-43.7842
-2.41741	-59.2807
-0.850887	-65.9876
2.19335	-50.9811
0.349464	-38.3948
-5.47986	-31.8558
-14.563	-28.9981
-15.8301	-14.3323
-26.2293	-15.6172
-27.9982	-15.2098
-28.5762	-17.4146
-20.4204	-14.4793
-17.0312	-22.4311
-11.7196	-3.91339
-15.531	3.46915
-14.157	-9.97547
-13.4489	-10.8157
-9.9181	-10.6993
-13.6971	-10.7471
-7.72307	-22.497
2.92827	-11.8921
1.65419	2.30819
-2.16487	-16.3777
4.24277	-22.1829
-0.140623	-18.5837
2.01383	-13.5763
-0.131168	-12.052
-9.20516	-16.0359
1.13947	-17.9094
-2.71984	-18.8134
0.620298	-6.8371
-1.26136	-10.5067
-3.20279	-9.78578
-9.99331	-12.6384
-8.27087	-12.585
-9.40978	-10.3624
-4.95042	-28.5644
-0.284897	-20.3805
-1.47714	-20.217
-1.99401	-26.8009
-3.02649	-22.9339
-2.87147	-18.2639
-0.0621026	-25.7015
-3.74563	-28.6599
6.41361	-27.505
2.25385	-29.8599
-9.39502	-39.8197
-8.27939	-49.9682
-7.8486	-34.5616
-3.09019	-22.0868
-4.14824	-35.025
-4.27553	-37.2003
-0.191975	-32.3858
-12.2938	-37.4185
-8.72921	-43.0704
-9.51967	-41.6891
-7.71183	-39.0323
5.87873	-37.2774
-8.28717	-49.5684
-0.791055	-35.9343
-3.31798	-35.5906
6.87925	-30.4117
8.09949	-65.6134
2.48892	-76.7335
6.83337	-70.1935
7.27362	-76.7346
5.44507	-77.2115
6.00662	-71.1722
-6.24955	-71.2316
-5.12215	-75.821
-9.85636	-76.1976
-10.4127	-77.5927
-8.80362	-67.3805
-2.65667	-55.2743
4.14022	-45.3596
-0.428246	-45.1088
8.06778	-45.5091
7.09829	-41.0432
1.70769	-39.8541
3.16366	-28.146
-0.371433	-28.4156
-4.19549	-20.6957
-10.8732	-22.092
-11.531	-18.9219
6.50916	-12.2661
3.37189	-16.8725
-4.60625	-16.1294
-3.31778	-10.1273
1.80786	-4.14044
1.36314	-10.5337
2.45372	-18.319
1.65585	-7.71548
-10.202	-27.4854
-2.22274	-16.6365
-1.93521	-17.1388
-3.86727	-15.88
0.685649	-7.96624
-2.30855	-10.1671
-5.9027	-17.5689
-1.14031	-2.91231
0.39459	-2.83379
-1.69401	-7.81801
-0.802039	-8.30017
3.01202	-1.93683
2.33677	4.10904
-0.932339	1.69079
-15.675	-14.7129
-17.2002	-12.9981
-3.05023	-14.0795
2.17255	-10.9776
17.1594	-10.0501
14.7821	-25.6386
7.38979	-19.4353
8.76185	-26.2686
7.69666	-27.2405
6.22901	-24.0024
-4.23615	-33.3969
-2.79354	-15.4058
-15.2598	-28.0156
-3.73665	-25.2197
-6.47149	-24.4122
-5.18191	-16.3252
-9.29003	-18.6969
-7.84009	-15.5517
5.56312	-11.3728
-7.29624	-27.3306
-18.5707	-26.6531
-16.0635	-19.0539
-15.0048	-23.507
-15.2626	-24.0167
-27.2497	-29.1789
-24.9687	-19.7832
-1.39495	-24.9902
-4.52243	-24.8479
3.44231	-22.7254
-7.76514	-31.4115
-6.12644	-28.8824
0.608557	-30.1587
-15.5712	-23.1972
-16.15	-18.4415
4.8296	-12.2382
9.38377	-15.7871
1.14443	-36.4516
-3.32893	-55.4885
-5.324	-54.5113
-6.29679	-52.3543
10.6624	-37.9252
2.90926	-55.7745
0.359385	-64.9283
3.55743	-60.3003
3.15579	-62.6391
4.63998	-57.7203
0.0945954	-50.0286
-6.37236	-37.7737
-22.2067	-25.8153
-30.1797	-26.2965
-37.2526	-33.7975
-38.3895	-32.7372
-30.7559	-50.8115
-27.3399	-47.066
-16.0993	-51.1193
-13.8648	-36.6749
-7.11018	-21.4861
-7.48313	-21.7414
-7.95913	-12.9133
-9.28998	-12.4767
-15.931	-24.8703
-3.02066	-11.8628
-1.59648	-8.83181
-5.234	-17.3688
-0.977812	-8.73787
-4.43632	-7.43545
-2.46064	-11.9497
-5.90878	-7.8137
-12.7327	-17.3176
-5.4864	-11.2837
-4.46247	-6.52353
-3.79291	-14.6878
-0.842117	-10.5237
-8.51775	-11.8313
-0.45381	-0.427973
-5.16567	-0.96109
1.26837	-5.37963
-1.90121	-7.29285
-0.134235	-11.666
-4.71239	-21.7854
-6.9006	-26.5293
-7.61438	-25.7541
-5.7522	-26.0207
-13.7076	-33.1813
-12.4357	-34.4068
-2.62508	-26.3298
-0.0951234	-13.9759
-3.33265	-15.9019
-0.218827	-23.6515
-3.59131	-40.6296
-0.176308	-37.4401
3.417	-29.4416
5.83233	-34.8759
9.37116	-27.8056
-6.88799	-41.8577
-9.08694	-38.0142
-10.1053	-34.5542
-13.6239	-29.4299
-14.4378	-28.3053
-7.34308	-12.1863
5.48211	-11.9133
-1.13994	-16.0077
-13.5697	-27.0229
14.8045	-16.3819
-4.87692	-36.2536
8.46925	-26.6332
6.45991	-56.1317
7.17011	-61.1305
-9.40131	-66.7665
-8.67751	-59.0711
-0.431648	-49.389
-0.679536	-56.6671
-0.365289	-51.0624
-6.74509	-56.896
-6.87451	-57.2743
-5.10893	-52.2921
-6.66521	-53.2271
-14.6933	-53.5532
-13.2481	-51.9873
-7.61927	-50.6867
-1.02025	-43.1006
4.57212	-38.4597
-1.70679	-34.0117
-3.53047	-40.683
-7.31942	-29.8332
-4.29101	-19.3815
-7.09155	-14.5652
-14.1766	-23.4486
-7.68493	-23.6837
0.855817	-22.4899
-13.8245	-31.644
-14.2459	-25.3266
-14.0128	-20.2803
-19.4148	-9.20571
-19.8087	-6.00284
-19.6237	-10.9166
-17.0638	-11.7032
-12.6193	-16.5937
-9.49468	-23.397
-5.45256	-23.1088
-9.68671	-23.0157
-13.412	-25.4657
-11.8306	-26.9479
-10.3518	-31.8021
-11.04	-35.0552
-34.5235	-30.7523
-39.3885	-23.6664
-37.765	-26.0155
-24.8969	-13.0518
-14.6274	-14.9129
-0.0206296	-19.4651
14.424	-44.6154
2.81067	-69.3734
-8.10205	-57.2118
-11.0153	-32.8225
-13.1304	-28.6115
-13.1789	-29.3297
-12.7807	-29.3888
-15.6989	-38.3254
-17.2337	-45.0053
-13.2699	-45.384
-8.98063	-41.5063
-6.27185	-40.5903
-2.37752	-36.6978
-7.45396	-47.38
-3.99629	-49.0192
9.78275	-23.3406
7.24068	-32.3727
6.59855	-16.7558
1.36178	-18.7921
-8.7262	-14.5475
-17.5316	-25.1309
-8.58707	-37.2832
7.03772	-48.0702
5.78469	-59.6115
5.77732	-63.7634
4.34836	-62.1531
-0.341238	-66.6109
-2.33117	-60.9076
-0.0737031	-57.8821
-7.22542	-45.0924
-3.45814	-30.4318
-13.2431	-34.2298
-16.0793	-29.1472
-8.54362	-27.7987
-1.8705	-25.8521
-1.35544	-14.0045
7.01564	-16.8997
-1.71098	-27.2802
-5.87486	-34.5419
11.4065	-30.8768
-1.13023	-38.5454
-2.5493	-49.3496
-9.9568	-55.2062
-9.97531	-37.1366
-8.07403	-34.0754
-11.1582	-35.9531
-4.29452	-24.1807
-11.4112	-33.5028
-8.18236	-31.2568
-11.5668	-37.3809
-2.5967	-22.9969
-14.4033	-25.8213
-4.41997	-21.6629
-7.33687	-27.1847
-6.98843	-28.0345
-0.234154	-31.0058
-5.23429	-30.4538
-3.41568	-25.6087
-8.50704	-26.0374
-10.5741	-21.4464
-15.849	-25.5344
-8.74537	-32.0101
-1.09444	-24.7431
-6.84225	-30.1389
-15.6773	-28.954
4.25655	-7.87745
-2.33191	-9.00242
2.41224	-9.9518
6.22639	-8.07471
-0.190861	-25.4662
4.35305	-9.07583
-6.74039	-11.6098
-1.20534	-15.5384
0.542134	-16.796
-6.51642	-30.1198
-5.97771	-28.3514
13.4603	3.09443
1.5021	-27.3237
-17.676	-56.9817
-20.2987	-54.7169
3.73525	-53.0138
-1.55347	-60.3864
-8.95419	-50.4458
-5.15564	-47.1181
-7.02672	-47.0849
-7.24536	-49.7489
0.203848	-52.7251
6.3879	-52.9902
0.0307388	-41.9981
-9.51615	-57.4435
-2.24328	-48.584
0.424557	-34.193
-3.84935	-46.0953
-0.630065	-52.4816
5.13077	-58.4138
-6.46576	-66.0549
-13.2711	-64.9084
-19.5313	-49.1224
-20.435	-49.5469
-16.9342	-47.4606
-18.1528	-57.952
-20.4002	-65.7396
-20.9069	-56.3672
-14.475	-56.3907
-23.8437	-56.0152
-25.1871	-50.6462
-15.7221	-43.2898
-11.7958	-41.4699
-8.55708	-48.3631
-11.4816	-57.4501
-8.48365	-65.8426
-1.96143	-66.7402
0.341418	-64.8673
-2.43358	-59.901
0.437782	-52.3297
-10.5926	-50.3203
-10.0963	-42.0259
-10.5126	-37.6845
-6.59646	-19.7293
-5.53413	-20.6887
3.45699	-23.2376
4.61424	-16.8747
-2.64964	-12.8042
0.0381789	-25.8933
2.44386	-29.5786
2.10237	-42.0558
-13.886	-59.2115
-5.87216	-56.4064
-2.43217	-63.2121
-5.28125	-70.6618
2.84164	-58.0369
-5.05598	-62.7573
0.63949	-59.932
2.63253	-56.012
0.438254	-61.2973
-3.03546	-68.6628
7.27893	-52.1385
14.2426	-20.2564
1.4294	-26.645
8.02344	-20.0073
10.885	-25.3888
4.50712	-23.8664
-10.7407	-60.421
-16.0808	-70.0607
-18.1819	-26.882
-12.0183	-19.4982
-15.3413	-53.0852
-4.96166	-53.6389
-6.26829	-65.3678
-2.77731	-58.8205
2.04602	-69.3763
9.75667	-63.2285
1.2947	-52.944
2.03429	-40.9149
5.3407	-35.7734
4.7898	-38.8411
0.716042	-38.5439
-9.62084	-34.2414
-12.9294	-28.6058
-20.111	-30.074
-24.8467	-31.6661
-27.6767	-19.58
-20.1124	-31.5276
-14.2171	-35.6707
1.21423	-32.0427
4.30703	-22.2066
4.88668	-21.9137
-0.669374	-33.1532
-3.0303	-32.2725
-4.86475	-22.4026
-4.39116	-22.8713
-11.1407	-28.8058
-13.723	-27.1879
-0.228308	-19.211
21.0872	-14.0496
19.9617	-22.6868
23.5919	-26.8503
8.11583	-21.4046
1.03857	-23.2434
-10.2917	-31.1043
4.09599	-25.4991
6.69244	-17.161
-1.06313	-12.8176
-1.81301	-26.8324
-3.13598	-22.4182
-7.1818	-16.9062
-6.90207	-24.3056
-8.84118	-27.1438
-5.21521	-21.4628
-5.34867	-20.4148
-3.19726	-22.9837
-18.9608	-35.9257
-4.97752	-18.8889
-3.426	-16.5812
-0.30388	-23.4906
3.72524	-4.84013
-0.95265	-11.1231
-7.68496	-18.5691
-7.3699	-8.40097
-0.300658	-20.3524
-0.455244	-12.1417
-2.26067	-16.8568
0.108704	-10.1793
-6.30841	-15.2829
-3.11942	-10.1892
-17.8929	-6.36393
-12.2686	2.34584
-11.7047	1.54149
-18.9776	0.0133996
-13.1878	8.64842
-21.2175	5.69244
-17.3768	13.6285
-10.6546	-6.01231
-34.3937	-25.33
-53.3831	-15.2999
-40.8921	0.4795
-42.577	-2.03237
-27.7688	7.46386
-22.6387	4.45988
-9.60925	-6.26036
-13.7745	-13.9768
-25.7632	-24.8704
-14.8675	-31.9953
-17.1229	-51.5864
-7.87863	-35.5783
-6.27161	-37.1226
-5.54388	-46.6952
2.16467	-41.3043
-1.61783	-43.4653
1.11048	-37.3892
1.52656	-31.2034
-1.79693	-31.7363
-5.47492	-28.1817
-4.79285	-19.6275
-3.57979	-26.9887
-6.70791	-50.27
4.4966	-45.3002
7.82534	-38.4669
4.88377	-27.9713
1.23413	-20.8503
-19.0644	-15.9091
-21.457	-3.06847
-21.0716	2.34262
-18.7275	-1.95684
-4.74015	3.49048
-4.97138	-8.73854
-14.57	-30.5478
-7.5657	-24.5125
-8.34502	-28.1503
-18.0742	-32.7934
-16.3663	-33.1582
-7.78079	-34.6728
-5.51808	-42.3793
-5.70415	-39.7526
-8.2255	-36.9645
-19.4418	-47.4054
-12.871	-43.2982
-8.05711	-42.9462
3.3198	-39.9728
-2.23768	-36.2708
-3.22395	-26.6661
1.51006	-23.6582
4.57016	-23.2978
4.75476	-41.8115
0.430483	-45.2148
-13.0392	-31.3006
-2.59374	-38.1749
1.31056	-33.2755
2.23754	-34.391
-2.17213	-45.7564
-2.40548	-46.4067
-4.43259	-55.581
-9.91924	-48.7681
-5.57489	-44.2507
-4.28583	-39.5959
7.66654	-23.5345
-4.67951	-32.9228
-6.84545	-26.0205
4.05116	-23.3332
0.15088	-24.1025
-0.691509	-32.0374
2.09315	-37.5647
3.63796	-45.8797
-4.11309	-34.3384
-3.60709	-34.5296
10.8588	-23.8276
8.94432	-15.349
7.35915	-19.6989
-0.673275	-14.9195
0.13341	-14.4329
-1.16572	-17.7695
-0.426235	-16.5527
2.82019	-21.2917
11.3919	-13.1732
9.40917	-21.1551
-1.88275	-18.4396
2.37107	-15.0856
-5.29353	-24.41
-22.5683	-24.2239
-19.4887	-14.2779
14.3746	-1.0806
-5.26079	-29.9124
-15.7596	-30.9572
-20.7863	-23.0528
-29.4666	-30.1263
-25.8694	-24.4614
-22.737	-19.2177
-10.1925	-12.2937
-10.6758	-12.5273
-26.017	-21.0929
-26.8488	-24.6863
-17.1714	-27.8604
-10.8598	-30.6588
-9.16344	-51.915
-4.63746	-67.2489
-4.41142	-75.0853
-2.89578	-67.4815
0.90317	-70.3992
-6.73909	-71.6706
-7.41824	-68.4964
-1.98764	-66.8118
-1.40013	-68.5226
7.61467	-68.29
8.5385	-45.5059
6.8191	-41.2072
6.28702	-27.5072
3.0907	-47.2496
-1.22218	-48.9443
-7.26644	-40.5189
-18.328	-33.3919
-27.6245	-30.3162
-29.8957	-28.0787
-27.8376	-27.8674
-27.0507	-26.8516
-23.4492	-21.1879
-17.8503	-34.7071
-17.1849	-34.342
-6.03952	-23.3074
-8.60617	-26.6409
-12.5817	-27.8003
-10.2181	-21.4617
-9.48926	-27.1463
-3.50271	-26.2144
-2.41755	-24.637
-4.90749	-15.3039
-28.6882	-37.4457
-30.2309	-33.9382
-19.3052	-24.6298
-24.6947	-37.5732
-18.474	-29.914
-17.8823	-26.934
-13.6386	-21.9129
-23.2807	-25.7791
-26.1194	-26.7682
-17.7763	-20.4511
-12.2791	-30.8411
-2.95996	-35.5551
-0.0752272	-41.5978
5.05217	-42.7627
7.2937	-49.1883
9.10483	-46.1781
19.353	-37.4367
15.131	-30.9607
2.60416	-37.6244
5.80771	-34.9996
15.3349	-28.3587
4.09137	-33.2448
12.7854	-45.1014
-2.30062	-47.3053
6.05054	-38.9275
-1.34491	-48.2955
-0.200766	-61.1359
-3.64324	-62.6715
-7.4836	-61.513
-3.33545	-51.7813
-5.82336	-50.4026
-8.27568	-52.8613
-5.50413	-37.7847
2.79275	-29.106
-1.74195	-34.0228
3.40136	-33.4022
-0.501038	-32.8059
-5.0048	-29.9651
-0.493112	-34.7347
8.92677	-26.5339
-6.91181	-34.0159
-9.94996	-33.7411
-22.5918	-52.542
-3.55272	-38.5367
-2.07751	-32.2753
-7.42964	-46.3645
-2.78851	-24.1728
-7.01479	-29.9626
-11.8989	-33.3203
-9.78803	-31.2129
-2.57039	-34.6874
6.00412	-26.8843
2.17441	-21.1293
-2.63951	-30.4124
3.95655	-16.2135
11.3566	-21.0462
2.55003	-26.3785
-8.82074	-31.052
-1.11546	-18.02
8.15723	-15.5069
1.21727	-20.2177
-2.88912	-16.1602
-9.19834	-28.7837
-8.37193	-23.4996
-2.00242	-30.4082
0.766676	-10.9963
3.00313	-9.01177
3.79123	-12.0384
1.83254	4.8336
-6.16061	-20.5112
-4.17592	-21.688
-0.332362	-12.3508
-10.6326	-26.0031
-6.27577	-22.964
-12.6997	-23.1775
-17.6747	-13.6852
-23.1255	-13.6884
-14.6617	-14.6053
-16.2638	-17.1622
-18.1747	-29.2272
-15.7265	-33.793
-22.9793	-51.9139
-25.3627	-57.0481
-4.82849	-35.1432
-7.12336	-38.1553
-6.70764	-37.6139
-3.62069	-31.2644
-5.416	-32.0373
-17.9628	-28.9266
-15.9956	-37.9024
-9.13617	-25.4397
-10.4135	-16.5742
-5.2822	-17.578
4.42313	-15.2284
5.37035	-7.92365
4.39657	-5.59107
-24.9742	-21.8857
-13.142	-32.4493
-19.1415	-33.1816
-18.9567	-26.1421
-19.0438	-19.1166
-17.5121	-18.3825
-18.2155	-22.2917
-4.90622	-9.74703
8.7126	-19.797
-4.38287	-11.6582
-9.31234	-24.189
-5.05345	-15.4255
-2.62193	-9.99037
-12.4244	-15.9958
-10.8583	-17.0005
-45.2582	-25.6985
-53.0087	-28.1178
-54.685	-24.4447
-44.9276	-13.52
-40.2066	-16.7194
-31.7215	-15.4487
-27.4823	-27.8687
-20.1778	-39.2319
-7.85272	-27.5014
0.168254	-31.0826
-6.3422	-43.6368
-13.4345	-45.3814
-3.48999	-25.1022
-11.2897	-25.303
-2.81088	-10.4262
-12.7458	-19.2273
-3.99239	-13.0497
-17.7934	-18.4571
3.94428	2.40739
-9.76542	-19.0729
-11.5756	-23.1062
-12.0452	-27.9487
-24.5618	-33.5564
-19.9908	-21.4508
-22.918	-25.5071
-29.6641	-31.926
-30.2423	-39.9557
-26.378	-43.4693
-33.6999	-32.916
-27.5005	-15.4459
-33.3298	-13.8441
-24.3052	-11.7297
-25.4129	-13.1071
-25.4094	-18.971
-23.2969	-19.2378
-19.0911	-24.0774
-23.1966	-27.4658
-22.3141	-26.3062
-14.1973	-18.9815
-16.5117	-22.8185
-15.7016	-30.7771
-5.86318	-43.9201
-3.18858	-41.3416
-17.2854	-46.271
-19.1226	-28.9364
-18.7503	-17.2749
-14.3612	-18.0263
-3.06599	-6.10649
-10.3854	-18.1201
-4.30401	-12.0875
-3.84576	-14.797
-6.1377	-21.552
-12.4639	-33.3052
-9.75407	-29.9825
-4.03287	-33.9128
-12.4634	-32.2556
-10.2819	-37.248
-13.0949	-39.8688
-4.86125	-37.5486
5.36824	-36.5021
3.78079	-34.0009
4.59748	-32.7528
6.53983	-31.6464
4.50041	-25.7487
-3.48657	-18.7409
-2.97322	-9.07316
-8.92241	-9.43519
-8.62707	-10.6084
-5.24526	-3.5438
6.05901	-1.53382
9.59755	-1.77432
3.56679	7.55874
3.13648	10.4908
-2.5165	0.174067
-1.05318	1.04222
1.75632	3.68904
-1.79401	-6.40355
-2.98341	-0.773522
1.51934	-7.68108
-1.59147	-6.84933
-1.05627	-14.642
6.28709	-9.49124
6.26627	-12.0782
1.03952	-16.6716
-6.01138	-5.47196
2.94858	-2.54257
-0.543058	-5.66164
1.55968	-7.66022
6.40676	-9.81513
0.560156	-15.0578
-0.015418	-33.2563
4.16611	-24.5885
-14.5749	-40.1056
-17.4655	-45.5953
-19.197	-40.0466
-18.813	-39.6684
-13.1612	-40.6601
-11.7893	-49.0203
-4.1724	-39.8506
1.20188	-59.9418
-7.24236	-61.9563
-16.534	-75.8911
-4.86225	-71.4412
-6.00817	-67.1551
-11.2961	-47.9008
-3.92455	-29.6367
3.70426	-15.8714
-2.58844	-10.2575
-5.54837	-10.6906
3.22787	2.54409
-4.22645	-3.5726
-7.42712	-4.38263
4.24612	4.92706
-13.8595	-11.7894
-10.5615	-7.30035
-2.78393	-1.59002
-10.1715	-10.709
-8.14073	-10.386
-10.9162	-16.035
-12.0026	-16.7592
-22.6683	-32.0172
-10.8731	-7.43836
-24.7124	-12.9924
-34.6218	-14.6782
-26.5984	-11.812
-17.1626	-0.110694
-21.028	-10.1259
-29.6959	-23.5562
-34.2816	-27.5499
-39.1921	-29.6832
-48.883	-40.1678
-55.5704	-35.7457
-41.0398	-15.029
-33.0265	-15.5789
-28.2792	-30.632
-16.1024	-14.4008
-13.3074	-21.5769
-11.3972	-21.6086
-7.80485	-28.8326
-3.69777	-32.4678
-10.6131	-35.1927
-10.9572	-26.0761
-1.84031	-27.0388
3.29648	-26.896
-0.91343	-29.7178
-11.9632	-22.4326
-22.2682	-20.9805
-42.7516	-24.5233
-53.6573	-12.332
-53.4176	-3.12573
-64.0826	-0.855559
-63.196	-4.23266
-67.2195	-6.56873
-59.0709	-7.50323
-50.7134	-9.51435
-50.9001	-10.3512
-27.5363	-9.56829
-13.7023	-16.3218
-11.3199	-25.505
-13.6557	-20.6571
-23.1529	-20.4855
-10.4991	-22.5602
1.96249	-32.5712
-6.37045	-39.9372
-16.5534	-42.959
-16.5748	-42.3445
-9.18089	-48.4371
-4.41537	-49.7897
-7.71029	-52.9966
-3.53328	-52.5561
-4.29742	-50.4259
-5.38123	-46.1944
-3.15402	-36.4972
-0.153465	-35.2643
-3.0312	-34.5651
-9.73721	-48.4915
-3.17663	-59.7798
-2.09552	-65.89
-5.10564	-67.3033
-7.79628	-66.6956
-2.86487	-68.3593
-2.99237	-67.8296
-5.78906	-72.356
-4.63274	-64.1267
-1.56399	-62.8562
-6.17411	-65.3815
5.46171	-49.9854
2.51958	-44.6456
3.77725	-49.3765
1.0147	-51.785
8.90282	-48.6787
-1.95004	-53.0817
-3.17791	-47.479
0.0243732	-44.4265
0.0227959	-32.7679
-11.8805	-39.7391
-0.159027	-37.0423
-6.7591	-39.689
0.106834	-37.2028
2.75666	-26.5605
9.23351	-26.2766
1.83592	-18.03
0.641995	-14.3338
2.93027	-14.5724
-4.37032	-15.9888
4.94304	-12.7421
-0.441745	-16.6162
-3.32148	-30.8235
-5.38877	-20.1821
5.14887	-18.4129
0.192884	-17.132
-5.38794	-26.2674
3.33216	-32.8534
12.9071	-24.0384
25.0288	-13.1709
5.51285	-24.0034
15.9828	-9.48966
4.12802	-18.0671
-5.46085	-21.8777
-8.50792	-1.65381
-7.67604	-9.7991
-14.3375	-21.7917
-10.2678	-8.40315
-4.10279	-8.4766
0.233299	-11.1751
-4.57704	-19.5632
-10.3762	-25.3312
-8.1312	-18.2592
-20.7475	-25.8453
-1.58545	-20.0563
-0.728322	-15.546
6.40632	-9.56403
-3.77042	-13.0425
1.68204	-12.2776
0.740301	-20.4388
10.9082	-17.8107
7.72647	-30.5978
0.533939	-38.2457
7.2876	-23.8693
0.445087	-38.2448
-1.69962	-35.2646
-6.3079	-34.2723
-9.18406	-39.8695
-3.13208	-44.7325
-5.32231	-44.91
-9.57165	-36.1747
3.91888	-24.6258
1.73762	-19.9026
11.2716	-17.1457
-21.192	-4.40534
-11.0998	11.1522
-33.286	-3.66943
-47.0496	-23.4469
-52.909	-17.3101
-53.1448	-20.298
-43.5175	-24.4289
-27.6713	-20.398
-15.7712	-8.60016
-8.81422	-18.7114
3.88871	-18.0293
3.82481	-22.2032
-2.25392	-20.9225
-4.30066	-22.2153
-4.14239	-16.2673
-7.70346	-32.915
0.2151	-32.9917
2.16743	-28.3704
-7.84167	-45.9254
-7.07203	-44.7917
-3.57689	-44.174
7.96332	-28.261
7.3047	-41.6037
1.15775	-64.8467
6.41916	-65.1722
-8.92489	-72.598
-4.34138	-61.1304
-2.72677	-57.2644
-13.9023	-50.0523
-15.1685	-43.8392
-16.5669	-25.6982
-21.3336	-22.085
-38.0179	-29.7265
-37.1819	-22.4218
-28.6529	-26.1394
-9.3071	-27.4985
0.990333	-29.1961
2.98698	-13.2124
1.50673	-17.1597
7.71578	-6.45618
-5.86442	-23.8772
-46.8666	-54.2971
-45.7009	-44.8641
-4.53147	-11.8547
-18.8153	-30.7572
-14.4477	-34.4677
-13.581	-34.2459
-15.7155	-25.8819
6.78193	-24.9702
5.13564	-14.9697
7.90426	-18.4369
7.59074	-22.1761
0.632663	-25.4246
9.682	-33.0786
5.50961	-49.8339
11.2766	-41.8022
10.4685	-56.4915
10.742	-52.0769
2.76617	-65.5145
2.46317	-64.611
5.48476	-66.3847
13.4226	-61.6182
13.0748	-65.3201
4.54018	-70.1216
-0.762848	-60.8679
5.95466	-48.4832
0.100166	-41.5527
8.32061	-30.9623
6.61298	-28.1458
2.60538	-33.1323
5.23879	-27.5263
2.11627	-49.5399
4.99953	-36.1676
13.8407	-26.1224
1.54476	-47.4026
15.6819	-49.3127
-8.94975	-71.9519
-16.8534	-74.9306
-13.6309	-72.4137
-6.30269	-58.727
-12.6541	-46.7484
-10.4279	-35.677
-14.7276	-35.0428
-18.7727	-39.521
-11.656	-30.2241
-23.31	-34.3709
-15.0164	-35.1819
-17.0309	-39.0782
-13.9483	-40.6873
-10.4128	-30.7509
-11.4577	-23.7708
-22.5596	-28.8379
-29.8421	-24.7284
-37.0201	-23.2428
-34.8112	-32.3348
-20.1237	-27.4305
-15.4362	-32.8042
1.96508	-27.5004
1.67456	-30.8943
3.62304	-27.9308
9.59305	-36.1457
4.15264	-34.3563
8.11422	-29.7037
11.7201	-31.2845
-2.28468	-26.1129
-1.68731	-22.4893
-5.05116	-36.4269
-6.96383	-32.5582
-7.96385	-23.2667
7.50589	-22.4683
-12.7879	-56.8022
-10.6679	-57.0849
0.258821	-55.2425
-3.35719	-56.5386
-13.3345	-66.5826
-12.8879	-59.6794
-15.5167	-58.3698
-12.6406	-58.904
-4.75415	-49.2465
-9.10031	-57.0198
-9.7208	-63.8887
-5.83826	-59.1633
-5.67434	-59.3936
-9.71651	-64.9463
-17.2762	-64.7088
-13.5835	-59.6111
-8.50938	-55.5015
-11.541	-43.5081
-10.0823	-45.0661
-1.27243	-36.0615
8.75691	-45.017
8.72275	-42.0678
9.48361	-43.5478
7.02442	-42.7367
9.11815	-38.1906
9.44505	-30.6625
2.64433	-34.7727
7.42728	-30.6821
0.00174708	-27.9097
2.3922	-24.7584
-0.592485	-11.3983
6.44736	-19.0684
-9.93989	-56.3034
-10.0953	-42.4833
-18.9074	-26.7891
-20.6565	-26.0842
-22.7241	-33.4032
-10.4653	-22.0498
-4.3364	-23.1273
-8.72069	-21.9637
0.454254	-14.449
-2.25085	-17.1291
-3.99902	-10.1748
10.0945	-9.50765
4.73825	-9.41431
-1.83656	-17.1678
-2.00722	-18.0915
-0.823787	-13.4149
1.79805	-7.87232
-2.15701	-13.9744
15.2372	-5.60136
3.08317	-32.0431
7.09428	-31.3863
19.5123	-19.3701
15.0244	-18.8632
3.18627	-49.7708
-12.6794	-63.9335
-5.61094	-51.7524
-0.714499	-43.5612
-7.25527	-51.3838
-10.5456	-56.5984
-5.85952	-48.3456
-11.5506	-62.5022
-9.47552	-64.3412
-6.37012	-61.9637
4.70901	-41.5646
6.92535	-40.7496
1.73473	-46.1975
-5.05883	-50.8344
-9.62026	-39.1907
-15.1455	-37.3702
-14.1202	-11.2609
-24.7274	-20.9008
-10.6822	-31.5449
-8.78304	-38.5345
-2.8221	-39.8674
0.998904	-42.7049
1.72009	-53.299
14.7559	-34.4146
22.59	-25.1524
16.3442	-40.657
-5.81097	-46.1641
1.23175	-52.3363
4.06342	-71.7381
2.65041	-68.7011
-1.36092	-63.323
0.899763	-47.4678
0.113127	-44.3939
2.22264	-42.1004
-5.1948	-37.74
-2.35449	-23.6894
-3.7846	-22.1704
-18.8556	-33.6741
-9.71443	-15.5175
-20.0435	-21.2848
-7.82129	-22.1527
8.09262	-16.3766
8.01266	-21.8891
0.83575	-17.799
4.79668	-18.762
1.7602	-27.2742
3.33872	-27.3168
11.7127	-26.5653
2.63732	-51.7186
1.84386	-68.7935
-1.26074	-69.4725
-7.53928	-59.9728
3.03083	-54.9028
-4.25399	-66.8376
0.751994	-40.0656
9.92877	-38.9597
10.5138	-30.483
12.3615	-18.4385
4.72951	-28.806
-1.77982	-32.0339
0.154335	-34.2519
1.31716	-24.416
-8.74461	-29.7467
-10.3055	-29.5978
-2.97442	-25.502
-1.90391	-30.4698
-11.2974	-47.5452
-11.3696	-25.289
-5.51888	-29.9908
-4.04116	-37.3653
-11.3423	-45.9573
1.33298	-40.7173
2.88904	-37.6246
1.62309	-40.129
2.72381	-29.7925
-6.57609	-34.7008
-2.17357	-58.0018
4.10141	-67.5029
-0.181359	-69.1366
0.671939	-68.9495
-1.15715	-75.3285
3.87023	-71.577
18.3741	-42.1157
13.6211	-36.8698
3.2338	-25.0139
-23.6096	-32.2002
-28.6	-37.0367
-11.2774	-27.7242
2.27241	-32.3591
11.955	-31.2096
5.81981	-16.5069
10.7798	-5.17201
10.1694	-18.2976
5.86225	-20.5313
10.2668	-24.8186
-0.968452	-46.5628
8.7797	-37.6091
-10.4742	-40.8515
-3.1687	-26.5818
-6.05646	-18.6335
-9.55332	-22.1535
-0.164268	-9.47851
-5.7139	-15.0589
-15.7716	-21.5577
-9.27919	-12.4263
-6.64904	-32.8475
-2.26358	-25.207
-1.67898	-28.1961
-0.299904	-30.8323
-1.03929	-25.4148
-6.37013	-30.4994
0.80401	-38.4725
0.75189	-41.2744
-0.541668	-45.6614
-5.4382	-62.7673
2.86102	-60.2796
10.3267	-63.1066
10.5816	-70.2425
13.1921	-55.1039
0.352356	-54.4087
2.23521	-44.8808
7.15046	-35.4683
9.54794	-29.1505
-14.9961	-34.1388
-10.1392	-35.4622
-7.56928	-33.2285
-0.135121	-16.8444
-10.8756	-24.6389
-14.6789	-23.7765
12.9269	-39.8922
7.67928	-48.1013
1.02491	-30.8629
-2.10524	-20.225
0.609089	-31.1918
2.55689	-35.4872
-0.93794	-44.5624
-2.87915	-48.6396
-1.44629	-52.9038
7.80003	-35.6725
4.14267	-28.8511
5.38587	-16.3601
4.58616	-16.2093
16.0493	-7.55808
-4.62771	-58.8139
-8.52929	-76.2755
-0.92229	-53.0238
-0.532782	-46.8173
-7.77143	-46.9539
-8.10257	-48.6357
-7.17155	-51.0544
-2.42724	-40.3347
8.18172	-38.2346
8.04219	-38.9764
11.9456	-38.9252
2.87462	-39.2294
7.71174	-36.5692
8.1996	-34.7022
6.58132	-37.9257
14.4652	-37.5714
4.74532	-36.9697
0.983581	-47.4197
-1.21498	-61.7142
0.262077	-59.7478
-1.90439	-62.8485
-5.06181	-69.526
-2.89927	-69.0709
-6.93303	-75.5441
-12.0778	-68.6446
-10.9894	-52.0699
-9.36487	-34.1259
-10.3275	-22.8078
-22.6659	-8.7163
-20.894	4.84151
-25.2632	8.68209
-30.6641	3.76372
-31.4087	3.45051
-38.1316	-4.94336
-36.9843	-20.661
-30.1691	-23.6394
-36.8324	-13.9207
-26.8527	-2.42094
-19.1949	0.288444
-14.6488	-7.73593
-9.86249	-14.6953
-2.80315	-21.6213
-5.4253	-30.3651
-1.85398	-26.5399
-5.40611	-19.682
-4.21566	-14.1164
-4.70363	-16.8658
-8.69813	-34.0604
-3.21319	-18.8684
-8.04929	-5.46648
-3.9492	-13.2821
-7.62475	-13.3057
3.18065	-22.8497
8.31845	-9.87498
17.3562	6.29141
1.24102	-13.1677
-15.1075	-21.4472
-7.71559	-10.0468
-13.3627	-12.8482
-13.4265	-6.11642
-25.2556	-24.1885
-30.7429	-34.6923
-22.5191	-20.5558
-22.3531	-29.2293
-12.9928	-26.6902
-9.39002	-15.1477
-4.67926	-23.2892
6.22412	-38.3514
0.296704	-57.3719
5.75877	-47.2753
3.62917	-44.4856
0.713812	-48.7157
-9.97297	-51.5043
-11.7362	-56.9032
-6.39543	-48.531
-7.97812	-41.5123
-14.8513	-30.5117
-15.1794	-32.7694
-14.389	-22.0768
-2.37721	-5.57992
-3.28106	-8.10297
-9.97154	-11.5826
-0.422837	5.37941
-11.5261	4.95147
-18.1549	0.22558
-14.1662	4.2325
-8.89253	15.3666
-14.6354	10.5059
-9.06062	7.36519
-11.638	1.68523
-10.6666	-2.09391
0.0350729	-2.93098
4.21109	3.86996
-0.10833	-5.46417
1.83396	-18.0985
3.45779	-25.0014
-2.35533	-11.2211
1.4563	-14.4585
-2.06047	-19.9594
-9.23526	-18.0027
-2.27184	-17.454
-1.08211	-22.4891
3.13799	-20.636
-1.73491	-18.2736
6.00496	-18.5672
2.3012	-2.48722
-5.4976	-7.7146
-20.6874	-28.966
-9.33099	-36.1013
-15.6669	-53.6231
-17.3827	-52.6889
-13.8485	-58.2517
-11.3638	-63.7123
-18.6006	-39.3093
-18.8931	-14.269
-25.4908	-8.5215
-38.7185	-6.37373
-34.6695	-9.78957
-32.419	-6.07039
-30.2837	-12.7045
-31.2781	-15.849
-23.5078	-15.6872
-24.938	-30.159
-21.2946	-19.2935
-7.1805	-14.1861
-13.799	-18.9781
-3.55847	-14.5739
-11.8777	-36.7759
-12.9954	-33.3057
-8.35892	-21.1284
-13.0659	-31.1482
-3.15634	-21.8143
-1.69595	-24.2923
-6.44292	-28.0594
-8.67431	-42.2463
-8.02283	-48.0726
10.034	-46.7789
-13.0091	-60.1748
-5.58765	-56.7278
2.64965	-39.7159
-1.49084	-40.1358
7.39267	-32.3853
7.95348	-31.5176
3.36635	-27.1879
3.73574	-19.0616
1.60895	-27.5498
5.47773	1.13147
-33.0876	2.67774
-34.0441	1.68009
-36.7266	-14.6546
-36.3696	-10.8552
-44.9787	-3.96876
-34.4976	-0.200875
-40.3631	-10.155
-41.7787	-10.599
-27.791	-7.04303
-26.0604	-14.5344
-13.1455	-25.9723
-13.7633	-24.0058
-16.1028	-23.3028
-5.93085	-20.1765
3.52432	-12.6168
-6.70477	-21.552
-3.26394	-20.1024
2.46644	-18.3098
-8.97422	-22.9809
-7.62191	-30.5493
2.84668	-17.919
-4.44596	-10.2676
-12.0665	-17.1958
-10.2302	-14.176
-2.87685	-8.05594
-12.1832	-24.3776
-10.829	-26.4888
-3.71606	-16.2567
-30.0798	-25.674
-41.3169	-28.6919
-30.9102	-8.94915
-34.9084	-12.6232
-23.4692	-36.0145
-14.8274	-41.8049
-19.7649	-38.6078
-24.7701	-21.737
-24.2129	-33.633
-22.4108	-45.7219
-21.5274	-55.4728
-9.98854	-66.1001
-13.0428	-66.8324
-9.63022	-64.8349
-5.34648	-57.1454
-3.67966	-42.8688
5.48612	-39.6712
7.69926	-42.154
5.34938	-46.2087
4.78746	-41.3298
-4.56267	-45.146
-4.21828	-49.0544
-14.9396	-51.6232
-24.2523	-53.283
-14.7395	-42.6855
-6.29796	-41.0934
13.5988	-47.3828
12.5372	-49.543
11.5186	-55.5068
14.5089	-24.9998
-9.06654	-26.0106
-6.56313	-21.4445
-6.33347	-20.6901
-3.90089	-15.4541
-5.12701	-17.3942
-4.78296	-11.1474
-21.9111	-31.3094
-11.5439	-23.1775
-10.9517	-32.9964
-0.936043	-25.2019
-13.0731	-39.704
-13.6014	-37.4723
-9.47705	-26.7803
-14.5136	-9.6945
-15.8338	-18.2699
-5.39124	-2.40117
-2.50873	-6.58152
3.92597	-10.1317
-4.27376	-31.1814
1.92782	-16.2426
-10.7625	-22.8423
-19.0551	-20.2468
-26.4734	-23.9186
-37.7485	-20.1239
-39.4563	-8.24203
-44.5761	-10.4207
-43.4664	-6.33463
-41.549	-11.2649
-33.1719	-18.0205
-20.9571	-28.3701
-5.37614	-20.8602
3.65003	-17.1402
7.4855	-13.0435
4.46382	-7.75265
-2.06466	-15.3836
-4.36021	-7.14568
-15.8338	-36.0497
-4.86475	-32.0437
-27.486	-23.0562
-38.9375	-18.5464
-43.1949	-16.7687
-26.9074	-19.4925
-15.6364	-17.3276
0.630938	-7.2872
20.6976	-13.0491
-3.45558	-22.4045
-5.04898	-15.7576
-4.4978	-10.614
-0.251788	-21.1904
5.94951	-31.627
8.56256	-32.7888
12.3964	-34.0301
16.1518	-33.3608
7.25294	-23.2802
-9.78583	-27.2108
-1.29576	-18.1371
-0.607739	-24.1666
-6.72762	-32.7791
-3.41628	-31.7453
-3.77373	-39.4687
-6.03327	-48.9298
-3.83654	-45.3433
-2.94331	-36.4023
-1.3115	-37.3834
-5.12003	-19.6306
-16.0884	-11.3133
-10.7445	-11.815
-15.0636	-14.2154
-10.7705	-16.7509
-16.5791	-22.7102
-6.46749	-7.21984
2.89348	-12.1501
7.87517	-33.7785
-1.35214	-34.2814
-13.7108	-36.5987
-21.1043	-46.5659
-13.9058	-33.5718
-15.531	-31.951
-27.5971	-38.3773
-11.6548	-27.0221
-10.4666	-41.3635
-3.57747	-47.483
5.53489	-36.6491
21.7818	-42.6088
7.00941	-41.1241
-4.7339	-27.971
2.91743	-16.0222
6.53873	-39.1029
-5.35369	-29.4504
-9.70424	-13.637
-10.9902	-13.4318
-6.05111	-17.3965
-13.9779	-31.6531
-23.3963	-29.4404
-31.3599	-22.7326
-36.059	-18.1767
-37.5801	-17.434
-33.2571	-18.5637
-22.7116	-4.06629
-14.8736	-5.62001
-14.3495	-3.38466
-14.3728	-9.45626
-25.29	-10.087
-39.2634	-11.7616
-27.783	7.79007
-20.9668	2.58584
-18.0686	9.53512
-18.9031	7.43024
-12.595	7.55316
-8.34592	12.1967
-10.7365	11.1634
-18.7073	1.11964
-7.95754	9.31089
-11.066	11.5609
-10.2143	7.52483
-13.7585	1.58777
-16.108	-0.548552
-14.8063	0.673205
-20.6958	-9.28776
-17.3883	-15.4568
-13.4571	-5.83646
-4.76108	-13.2296
7.21383	-10.3168
0.240848	-9.92943
-9.46729	-9.95705
-1.82299	-14.8878
-1.98956	-24.3854
3.39599	-25.6628
-8.9182	-32.0482
-14.8221	-23.5799
-20.2374	-15.976
-31.5041	-11.7546
-33.649	-11.9833
-26.1493	-8.91311
-24.1772	-17.6481
-28.9271	-28.3084
-19.4188	-11.6281
-2.08154	-12.0994
-9.17698	-21.7241
-10.2355	-28.3485
-15.1527	-25.2114
-26.1134	-32.4991
-26.4704	-35.1582
-16.0115	-22.9876
-28.0927	-20.3644
-33.3907	-21.6995
-25.5175	-34.9327
-19.2595	-36.344
-0.507041	-19.3276
3.23478	-23.3005
-3.71719	-27.5533
-4.5014	-22.5226
10.8167	-28.6246
3.92665	-13.2084
-1.12546	-12.2638
6.39765	-13.2411
-2.87918	-24.3021
2.68611	-13.4242
-9.14463	-38.0631
-5.38145	-42.5932
0.560306	-55.9856
-13.2939	-73.4625
-12.4667	-69.2085
17.0365	-56.4677
10.5295	-59.0104
-5.60073	-45.0804
-0.578595	-50.7229
2.15308	-41.8164
-5.09495	-44.1331
1.24387	-32.2516
-3.76642	-40.7736
-1.24567	-45.4821
-12.467	-54.21
-16.5713	-53.803
-3.97391	-37.8173
-2.1969	-31.1969
-3.78889	-30.7374
-15.716	-35.2058
-4.90598	-9.84636
0.948833	-23.5707
-0.634851	-23.7173
0.390139	-23.7366
-16.3278	-22.9551
-28.9914	-21.0469
-20.8106	-25.4285
-29.0613	-15.8569
-36.5727	-17.3838
-28.5426	-17.7252
-17.1202	-17.3843
-3.99944	-43.6994
9.22292	-49.8549
4.05937	-54.1502
-1.27524	-52.2336
4.1856	-51.3064
3.11762	-41.7905
3.77834	-32.8325
11.2232	-22.524
17.0163	-16.66
-12.827	-28.4932
-12.3377	-29.4027
-21.4028	-32.9674
-16.0517	-37.7084
-3.47305	-36.9609
-4.71829	-38.8524
-4.00104	-51.0393
1.61359	-56.5429
3.97205	-39.4165
-3.11258	-31.1326
-0.931453	-17.1502
-20.6489	-30.6823
-12.4852	-32.6368
2.85184	-14.3621
-1.07466	-23.0424
-1.55913	-23.6307
1.2023	-21.881
8.1512	-24.4482
3.40168	-16.4124
7.69233	-6.51905
-9.47962	-23.7007
-16.2382	-37.6216
-3.57367	-24.9592
-6.59745	-20.3433
-11.5233	-26.6305
-3.49427	-10.3389
-7.85387	-12.045
-19.1178	-24.235
-12.2311	-13.3823
2.11998	-15.3901
-6.50062	-16.0752
1.46182	-11.5256
3.90218	-9.61041
0.994237	-19.1999
-1.48849	-23.8447
11.1443	-21.8313
7.7257	-26.2365
0.210267	-23.1561
7.0024	-22.9958
11.9016	-29.2366
6.59046	-30.3423
14.5974	-17.1626
11.3244	-44.8918
1.8985	-42.7955
-14.3247	-39.2628
-9.55886	-36.9907
-8.40715	-36.2704
-10.296	-36.9286
-14.3247	-40.3564
-12.7443	-41.7541
-0.25237	-36.1323
-5.05906	-31.5675
2.11212	-25.8099
6.06915	-32.3646
-3.70653	-34.3541
-12.8491	-33.1106
0.370322	-31.4261
4.73135	-31.1788
2.75015	-16.7967
5.59821	-24.1055
8.4664	-17.2546
1.36967	-19.0582
3.17437	-17.3079
5.79098	-10.503
1.26834	-13.5997
6.05735	-17.1657
6.32114	-15.9889
5.18925	-14.6504
-4.66731	-23.1164
-30.9011	-23.2121
-32.8042	-19.8806
-23.3229	-12.1468
-21.6826	-22.3662
-13.7118	-22.9764
-11.0395	-27.3316
-15.3531	-28.9794
-4.63897	-27.7306
-10.282	-27.0403
0.906043	-35.2402
10.0104	-38.7719
6.97925	-39.4479
-3.57639	-40.1379
-5.57849	-25.0023
-7.92903	-27.4569
-12.7304	-26.9117
-10.1181	-39.3984
-12.8776	-43.4095
-8.41288	-29.5628
-1.79746	-25.6211
-4.0139	-21.5845
5.61219	-15.2632
5.52785	-15.0461
-3.96254	-28.425
1.29679	-26.2834
-0.187101	-28.6012
-8.98383	-27.4755
-22.6591	-39.284
-12.4926	-33.0505
-6.72989	-28.8799
-5.56299	-24.2367
-1.13731	-33.3335
-8.66684	-39.2966
-8.7109	-30.797
-4.77909	-30.1758
-1.46928	-37.0792
-1.36621	-34.8006
-7.04995	-29.2776
-22.448	-34.3004
-13.5447	-47.6767
-7.69625	-47.5638
0.1139	-42.2009
-2.76326	-39.2128
-5.71468	-36.1596
-11.9968	-31.8507
-3.67539	-12.6028
-4.23298	-15.3621
-10.5202	-17.0026
-0.509584	-12.1496
-12.1251	-15.2167
-22.286	-23.2471
2.15115	-34.3044
5.40447	-35.2841
-13.9104	-17.3784
-21.3225	-9.27332
-15.4099	-4.65875
-5.984	-7.1833
-12.0283	-11.9248
-21.2561	-36.455
-6.16803	-30.3931
-3.35828	-33.7401
-6.34034	-20.5463
1.95326	-22.3472
-1.76458	-18.9973
-8.44729	-15.9636
-1.30856	-16.9002
-3.74283	-19.1703
1.93697	-7.3512
13.1646	-26.4527
12.1384	-31.5564
13.9455	-22.6494
0.558507	-52.2169
-3.9653	-59.6521
-1.11588	-37.0705
-0.517597	-57.8335
-3.44577	-54.5909
-2.16445	-48.364
-1.34055	-52.9667
2.72315	-59.2074
12.1873	-34.6801
17.7053	-30.5445
20.4747	-33.2175
15.028	-37.6971
10.5664	-25.1241
8.47479	-33.1504
2.864	-40.7809
6.50608	-38.7906
-10.2205	-48.2706
3.75758	-49.558
1.80889	-45.8932
1.79339	-57.7913
-8.18366	-59.8892
-4.8913	-56.3067
-1.80283	-54.0398
-3.01327	-54.8004
11.9941	-29.2443
8.20555	-40.8623
9.45174	-51.6494
10.8314	-37.4748
12.4519	-40.3328
12.2279	-42.8119
8.06892	-33.6294
17.3905	-28.8523
10.8118	-24.5698
12.0937	-26.5117
8.78945	-19.9641
16.7135	-6.80152
6.22212	-7.30133
5.44538	-12.6102
-1.70933	-22.3134
-1.1348	-13.37
-11.6755	-21.9973
-2.24343	-12.4149
6.11916	-13.1537
4.97657	-5.60868
-0.474449	-20.2573
-0.886903	-27.2516
0.501567	-20.4958
-2.82112	-16.6675
4.22406	-13.4556
-1.16982	-25.357
2.31087	-27.2578
-6.73505	-29.6058
-11.4791	-25.9021
-17.9142	-25.0269
-14.6624	-23.148
-13.7217	-24.0348
-11.9922	-45.0339
-20.8997	-33.5521
-22.1204	-28.7152
-27.2437	-20.7124
-19.7389	-14.672
-10.9921	-15.4807
-14.6254	-26.2423
-11.0331	-38.1924
8.72879	-27.2772
4.86579	-37.0205
6.0824	-43.5764
6.4609	-45.0685
10.0911	-46.9396
5.99433	-51.1951
-2.29737	-60.5624
-6.20411	-50.1526
3.30687	-26.0407
2.14424	-45.912
6.39935	-73.9178
4.21754	-71.6638
7.54718	-40.3459
6.17065	-43.7989
5.88974	-49.3044
8.75379	-36.4367
9.84385	-37.454
2.44185	-59.0684
-8.58005	-63.1845
-10.8749	-57.2839
-12.1691	-55.5696
-13.6502	-67.6075
-0.354735	-61.0483
11.2761	-65.3965
14.2801	-48.7245
17.2404	-41.3372
7.86657	-39.5655
14.682	-22.0186
7.20365	-30.1687
3.5499	-51.8434
-8.81105	-51.6698
6.24125	-43.0815
3.9563	-42.7324
18.7143	-33.3093
15.9143	-50.5365
32.8922	-33.3382
19.621	-60.0878
2.76829	-69.5218
2.7022	-46.1685
3.79396	-38.6912
-9.02503	-40.2406
-7.36368	-34.8014
-9.80202	-31.4604
-17.6769	-39.0687
-9.85755	-29.575
-12.5484	-27.4608
-11.5601	-10.6096
-30.471	-19.5446
-49.3435	-21.1426
-45.4883	-9.61282
-43.9188	-6.00509
-46.6082	-5.00738
-32.2622	-6.81909
-35.1041	-26.9335
-19.1695	-29.7244
-8.43565	-19.6639
-10.2433	-24.1858
-5.56976	-29.8554
-9.27282	-30.0272
-10.6752	-28.9181
-13.6776	-29.6628
-9.43977	-22.2406
16.6549	0.340024
15.1453	-28.6871
-7.72189	-68.7698
-2.91237	-72.5209
6.24896	-65.8327
4.59163	-79.2014
14.453	-69.6634
17.3502	-44.6114
14.557	-34.3075
13.1767	-34.2722
15.8358	-40.8234
11.1726	-66.534
7.55164	-73.0528
2.22619	-67.8108
6.07847	-57.6306
7.42767	-63.5833
5.44755	-73.6421
13.4358	-68.302
12.8047	-41.5698
13.3991	-31.9974
9.67447	-24.0823
16.5444	-31.6202
5.88137	-70.0449
-1.29454	-71.4469
-10.4738	-56.9258
-12.9936	-57.8705
0.461584	-45.0018
11.8971	-37.0415
7.53492	-40.7666
3.53911	-47.0996
-10.092	-48.2755
-11.0081	-54.9068
-9.43629	-53.2199
-7.73543	-53.8445
-10.8854	-67.9992
-12.0312	-61.835
-7.35597	-62.1528
-6.24269	-61.1365
0.731149	-52.1827
-0.486383	-59.5005
6.49697	-53.3277
3.79367	-39.2674
2.77317	-40.918
-3.55809	-36.2133
-10.7523	-33.9211
-10.1378	-24.637
-15.2294	-23.8357
-19.4879	-17.9717
-6.42902	-9.23693
-2.21026	-15.8742
-2.58324	-20.7299
6.91892	-21.7758
-11.0907	-17.09
-33.6178	-29.281
-19.7654	-29.665
-10.7176	-33.5135
-28.5654	-22.1134
-7.90281	-12.5058
2.6024	-37.8882
15.7488	-32.469
-2.40662	-13.9168
-12.727	-23.3787
-5.50783	-22.067
-4.31768	-13.8153
-7.01508	-10.2788
4.29733	-10.9696
-0.132635	5.5552
-4.03339	5.2946
7.19171	2.98688
6.83395	8.99145
-6.42792	3.46678
-6.10321	-7.36787
-0.153712	-14.6519
-5.50493	-20.9257
3.44245	-17.6505
2.73837	-31.4483
7.90596	-18.817
3.18218	-29.1623
7.15093	-34.0706
6.6465	-60.3198
3.10216	-71.7178
7.58973	-62.5724
7.42937	-66.1425
5.41252	-72.2785
6.3949	-68.849
7.51965	-59.0046
9.35316	-52.0353
11.3204	-64.9456
-1.44473	-60.878
-3.76458	-60.616
-2.03539	-54.9603
0.418802	-45.9553
-4.70223	-43.8174
-13.0565	-49.6971
-5.02969	-47.4518
-15.1334	-50.606
-10.1067	-35.5535
-1.18424	-19.1516
-8.72966	-21.0845
-2.68871	-12.2586
-2.5765	-6.74114
-2.43501	-22.9024
1.51634	-15.7753
-7.1741	-24.9718
-7.71472	-21.3403
-13.7781	-23.2761
-12.2529	-25.6399
-4.63406	-36.4684
-1.17602	-55.4028
-7.34933	-67.1394
-3.27954	-51.4748
-2.3049	-62.9468
-6.44609	-70.9609
1.3868	-64.4393
6.77225	-47.7568
14.0289	-40.6519
6.75603	-41.8711
-16.5633	-58.6768
-20.4534	-58.8213
-8.44608	-40.056
-12.8639	-40.6701
-11.6853	-37.3326
-4.61157	-31.665
-8.01599	-40.1344
5.81436	-26.6224
-8.92883	-33.9775
-3.76084	-36.8668
4.04579	-26.383
1.8708	-30.8828
6.00041	-28.932
2.42328	-32.5517
13.9584	-28.9437
6.37969	-24.3538
4.60292	-18.0347
-12.8562	-29.4255
-29.2405	-27.3058
-37.4883	-18.3274
-20.2306	0.556982
-19.7348	1.33414
-32.2089	-9.54019
-12.8378	0.820711
-23.8395	-14.8541
-22.3617	-12.4705
-0.943274	-16.3676
7.90158	-29.7396
6.22546	-27.5993
12.9034	-23.9833
7.42961	-27.5045
8.69858	-28.5063
10.911	-27.3924
15.0121	-29.3852
13.3151	-28.9557
2.86717	-29.3885
7.87823	-25.0081
14.3379	-26.0271
14.2086	-48.7333
8.41993	-57.1619
-6.20038	-53.3402
-8.02427	-48.3429
-2.33777	-52.1786
-12.6435	-67.3395
-14.3327	-67.8836
-7.74389	-48.5422
-8.74685	-40.6585
-9.19501	-21.9175
-14.0137	-6.58565
-21.8557	7.56303
-26.8789	13.0466
-39.1345	-0.917216
-20.7691	-14.3308
-2.77356	-4.32168
0.567269	-8.1724
4.33868	-12.9652
11.2906	-19.3816
4.85044	-19.6484
5.11383	-24.399
9.38232	-24.3523
7.89922	-6.78773
12.7014	-5.33279
5.23549	-13.0464
-0.752836	-18.7374
3.02366	-14.3146
-11.3686	-40.1489
-21.394	-30.402
-25.4684	-10.8258
-21.0752	-6.59146
-15.619	-7.56493
-15.3243	-17.3522
-16.8222	-25.7877
-17.3756	-30.4503
-18.2506	-37.1925
-9.79486	-28.7829
-2.72826	-11.7425
-1.85887	-18.3605
0.354576	-21.1422
-10.4363	-19.0066
-8.34235	-11.6355
-7.64941	-12.4488
-6.16679	-14.3639
-6.69083	-21.5301
-9.58259	-6.21857
-35.0068	-3.35926
-30.9324	-11.5379
-27.8952	-36.9009
-38.3112	-26.9922
-37.2108	-27.278
-41.19	-31.0289
-36.1966	-16.472
-35.322	-16.2038
-29.4974	-17.0284
-21.6583	-3.00733
-9.63565	6.14772
-9.22666	-2.75885
4.17756	-11.8287
1.04844	-18.0311
2.38457	-14.8612
0.290262	-13.709
14.3991	2.08501
7.21457	-24.7243
2.32475	-46.7466
4.10537	-45.955
3.33147	-40.1737
14.4825	-30.3992
13.5632	-47.2308
-1.04124	-39.6215
-3.44987	-9.1223
-12.2183	-4.53236
-12.9433	-1.73185
-16.2987	-2.36
-23.431	-13.2378
-12.0864	-10.5671
-22.9577	-35.5669
-30.1218	-40.9288
-19.0627	-29.1299
-11.3535	-27.995
-3.90035	-24.9815
-0.573777	-20.8655
3.38093	-23.0928
0.293734	-26.4325
-11.4271	-28.5503
0.419873	-23.4576
-6.49461	-18.3225
0.343956	-20.9468
-3.68386	-17.642
-3.4905	-15.522
-14.0762	-31.3418
-31.5335	-28.0412
-38.9605	-17.445
-38.3364	-20.412
-24.5835	-20.1035
-18.9212	-16.1186
-25.1274	-30.5696
-16.1989	-15.9131
-4.29545	-37.6886
-5.28698	-29.6614
-9.09009	-28.2275
1.53587	-34.5834
6.95174	-31.0862
-9.5104	-12.7588
-16.2909	-7.35528
-13.5875	-18.9108
-1.55981	-31.2098
-9.44966	-38.8801
-17.4473	-35.2373
-19.2612	-25.4308
-18.2998	-28.3637
-17.3324	-27.0688
-22.2235	-44.9786
-23.0785	-28.047
-11.6817	-10.5813
-8.1724	-19.113
-0.5558	-17.4977
0.0233437	-7.8804
5.95923	-11.8996
-4.8752	-10.2131
-3.05666	-1.41496
-3.52832	-2.96809
-10.3983	7.34561
-12.9884	-3.01257
-8.43927	-29.3887
-9.27204	-38.9751
9.57799	-39.0463
-7.25726	-29.5566
-27.0585	-29.249
-30.4099	-19.8038
-29.6011	-10.7733
-31.6779	-12.4459
-29.0819	-16.2388
-19.6477	-20.6822
-23.4436	-33.6867
-10.5261	-17.2362
-25.1869	-33.9558
-13.6484	-20.1073
-19.9105	-23.5708
-21.6805	-23.8052
-17.398	-19.089
-20.7942	-26.5033
-15.8376	-26.566
-10.094	-20.4373
0.874631	-22.269
2.60261	-19.244
-0.855224	-18.2348
-10.2901	-30.7895
-7.61304	-33.1809
-12.3617	-32.5638
-39.4203	-36.3556
-39.6526	-27.9586
-42.3835	-24.0093
-38.6965	-15.2726
-36.5905	-15.4557
-26.8201	-21.3368
-3.20292	-28.1698
-6.18479	-31.8095
-3.78917	-25.6377
-5.38024	-34.8278
-1.70766	-31.9557
0.805514	-21.1051
-2.73614	-27.2825
10.7739	-21.3295
19.6067	-8.2908
10.3234	-6.434
-4.67135	-19.7826
-3.68521	-25.7063
-17.4393	-43.7057
-17.265	-28.6194
-19.8484	-19.8971
-18.8208	-17.3932
-20.24	-19.9229
-12.8573	-13.6205
-7.65732	-15.4814
-14.3062	-30.2241
3.08756	-27.5611
3.0113	-20.8444
-13.2669	-34.57
-17.0093	-36.4186
-19.0084	-39.4606
-5.25732	-28.5731
8.757	-14.7682
-3.18446	-20.4495
-2.01346	-12.5472
-4.14879	-24.8769
3.48387	-12.1568
-2.49456	-5.40539
-12.3585	-14.2807
-19.8146	-24.6362
-6.68622	-31.801
-0.33872	-53.7153
-4.03334	-54.304
-5.39051	-56.4504
-3.30713	-59.7167
1.24321	-59.4232
-4.91364	-59.5059
2.28869	-55.7782
-4.71205	-52.5235
5.88585	-33.9426
-1.68524	-35.1986
-12.6161	-34.5798
-18.494	-22.5714
-10.8247	-23.5915
-7.77149	-19.0507
-12.5915	-13.2343
-3.98869	-13.1878
-7.33388	-24.1555
-4.77131	-22.7618
-1.74055	-17.1172
2.89693	-16.2647
-5.71446	-19.8883
3.57699	-12.094
0.0691272	-7.71391
-1.67967	-12.2381
11.7971	-6.81049
10.4851	-8.40159
4.95026	-11.0552
12.5799	-7.56213
9.42231	-9.47973
-1.00727	-11.8439
4.98661	-6.01806
-0.0142497	-13.6874
-3.02258	-15.4124
2.96584	-14.3884
-2.11287	-13.7588
1.88698	-14.943
6.37891	-10.5834
0.832493	-13.5804
-3.42911	-15.7364
-7.60714	-20.4532
-27.1773	-23.6927
-29.5224	-23.5494
-33.9807	-7.63083
-41.1283	-12.8306
-36.5276	-5.6475
-44.381	-13.3671
-30.7223	5.92207
-26.9957	5.2701
-25.4549	-4.86285
-18.1609	3.09322
-20.3647	-3.71727
-5.36478	-5.11187
-15.4182	-14.6214
-19.781	-22.88
-23.0973	-34.3131
-21.5776	-47.9311
-13.7077	-40.9282
-7.48359	-50.0846
-6.21189	-58.5569
-13.6944	-64.4977
-2.41284	-52.8533
3.892	-45.0885
6.62429	-33.4977
14.2105	-33.3459
-4.86143	-21.5302
-5.34674	-28.018
2.71343	-22.5853
-0.7673	-11.7617
-1.94671	-15.3908
2.79957	-27.432
-3.58942	-18.2139
6.11177	-13.1309
-14.466	-29.0077
-13.8866	-30.099
-3.01529	-20.5152
-1.55885	-33.4484
-6.76627	-37.1201
2.80855	-18.5892
-7.37231	-27.0438
-3.03716	-28.0381
1.49515	-25.1259
-8.36688	-35.4228
-4.70253	-33.0277
12.9066	-25.4666
3.42843	-47.2593
5.37713	-37.9563
7.68411	-43.2239
3.25665	-53.951
0.918192	-51.3313
0.371578	-59.563
-1.83918	-59.8725
2.60738	-42.7383
-2.72245	-39.945
-12.0413	-25.6708
-21.079	-20.0984
-25.7385	-24.043
-31.9693	-25.2173
-36.4515	-35.3976
-25.9857	-25.2623
-23.5223	-32.2398
-26.5472	-41.4745
-30.877	-34.6889
-32.7215	-37.5603
-34.0381	-32.4757
-28.8834	-37.0524
-17.1149	-36.4587
-8.5029	-37.8724
-2.72342	-35.5048
-2.60491	-35.993
-13.2725	-50.3675
-6.41847	-42.6218
-2.29662	-38.0114
-1.78559	-43.958
-4.64765	-38.1634
3.99051	-46.3106
4.05212	-26.1275
3.84856	-16.8717
-11.1369	-25.2886
-10.0869	-22.27
-6.26057	-19.3854
6.61175	-6.47784
-0.354752	-13.6526
2.4534	-16.6137
1.59386	-7.71064
9.61819	-14.2461
7.71338	-4.74711
1.16366	-12.1215
0.283749	-8.75199
4.99852	-0.136079
-7.97121	-12.1849
-3.74085	-12.3514
3.28781	-5.17518
-26.049	-41.047
-20.902	-38.1389
-8.86461	-20.9895
1.89731	-19.2562
-10.1938	-27.6044
-9.05771	-19.719
-3.86126	-12.1775
-8.79983	-17.7266
-17.5538	-19.8838
1.61182	-3.52893
-12.0109	-12.9971
-7.96546	-18.1214
-12.4364	-22.6886
-23.938	-16.6798
-28.2806	-16.6728
-17.4268	-16.739
-22.8273	-16.8164
-23.6688	-25.0475
-15.8961	-19.2481
-17.3566	-18.013
-13.1893	-10.5905
-6.36883	-10.9651
-4.29107	-16.2547
-10.1833	-24.008
-2.00095	-21.7719
11.2405	-22.2044
0.968741	-31.2198
10.5362	-18.3335
2.75221	-30.5515
3.98032	-34.4583
-2.32507	-28.323
-8.38143	-25.3112
-12.4789	-23.8598
-30.8166	-36.5852
-33.0426	-45.3642
-23.3256	-37.6895
-19.3856	-16.0886
-28.3534	-19.6717
-28.0876	-26.0398
-27.8499	-14.5753
-29.6142	-7.41342
-38.9614	-7.49536
-31.941	0.191096
-30.5767	-9.10846
-26.0477	-30.7458
-16.33	-29.4559
-21.1858	-39.8233
-20.535	-31.0316
-15.9118	-42.3363
-9.66648	-37.3598
-13.4783	-38.383
-12.3348	-37.0097
-9.82592	-25.3941
-5.07834	-21.8747
-18.4367	-20.4755
-3.21321	-20.0812
-20.4249	-41.5479
-11.574	-24.1897
-28.5203	-29.9496
-22.7458	-24.4463
-14.0335	-11.4604
-15.0643	-13.002
-23.0309	-17.2926
-14.8204	-4.9191
-12.247	4.85156
-21.7987	0.138236
-25.438	1.52041
-26.4774	0.025653
-28.2105	-1.68994
-22.7514	8.58147
-17.6911	0.779941
-18.4687	-1.94989
-14.2132	-20.2351
-2.09652	0.271937
-2.21651	-6.50501
-2.16903	-4.36587
-9.38711	-4.9889
-1.58634	-10.8089
1.42266	0.0953556
-25.8434	13.2855
-13.887	12.3762
-16.806	11.1057
-40.0561	7.89586
-45.6595	11.1127
-53.4924	0.827266
-51.383	5.99248
-49.5281	-6.20703
-49.2833	-14.6248
-61.319	-9.68987
-47.803	-3.87751
-44.2361	-19.0347
-45.0189	-16.7638
-35.3423	-20.3528
-25.5097	-26.6596
-12.9217	-17.298
-3.57627	-15.1302
-4.01922	-11.1379
-2.22074	-7.67946
10.7656	-6.52635
-5.25521	-13.1754
-19.9692	-20.4929
-17.9601	-17.4487
-36.8835	-20.0013
-25.1294	-9.10303
-31.3725	-16.227
-38.1309	-24.5452
-31.3304	-12.7247
-42.2722	-26.751
-50.8473	-28.3628
-41.8324	-20.5123
-39.2547	-27.8955
-38.7242	-31.0909
-33.3387	-27.8517
-40.3156	-24.2725
-33.018	-26.7735
-6.70956	-20.1573
-7.37988	-23.3089
-8.82041	-22.4893
-20.1779	-21.4268
-28.6741	-26.4924
-6.31578	-31.141
-4.70828	-42.0747
5.64784	-25.0418
-3.04552	-31.2393
-33.9212	-30.7037
-33.7647	-24.218
-34.6195	-21.2957
-30.4839	-3.79449
-33.2892	-11.4858
-32.9274	-17.9895
-12.5637	-32.2481
4.39378	-28.4854
3.44074	-36.267
-0.297759	-42.4158
5.52894	-28.213
5.18349	-34.2299
9.13502	-36.7866
6.49024	-40.7102
0.173567	-49.5097
-1.78184	-37.1147
2.80731	-34.7841
14.2594	-15.8718
-13.2631	-58.8045
-17.1983	-54.4198
-8.63021	-25.7369
-1.60178	-33.6239
-14.0919	-36.5296
-4.65616	-45.6915
-4.33402	-49.2023
-8.30164	-50.1785
-9.83686	-63.5186
-8.28083	-69.1144
-4.1478	-66.3032
-13.2937	-74.1593
-3.88177	-65.7752
-7.05026	-74.2424
-7.30681	-71.7273
-11.7959	-66.8303
-6.7773	-56.8004
-9.35487	-52.3587
-15.0852	-46.0598
-10.0487	-41.8848
-15.8683	-38.1495
-17.3404	-33.7394
-15.3858	-34.3325
-15.1975	-31.5596
-15.9289	-30.7554
-13.2961	-28.6283
-19.74	-31.7577
-17.9913	-26.0846
-15.5169	-27.8974
-8.26102	-30.2485
-2.41474	-38.3046
6.19586	-35.0348
3.9592	-24.7074
-3.48519	-20.8294
2.79917	-25.1006
-0.314781	-20.3763
-7.11143	-18.3
-10.4671	-16.5835
-9.40934	-9.3253
-6.52248	-25.3237
4.01723	-19.6541
2.4096	-13.7917
-3.53912	-13.0011
-4.21602	-20.7731
-4.21185	-24.2016
-14.1728	-30.1639
-8.34527	-30.4733
-10.1355	-17.6253
-5.0908	-21.7173
-10.9083	-30.2697
-5.26543	-25.0337
-2.82108	-24.682
-4.08336	-21.9869
-8.22621	-16.8226
-3.01805	-14.2556
4.00103	-12.4831
0.997676	-19.9417
0.763056	-13.7555
-10.8762	-17.1387
-8.27793	-32.1255
-8.20252	-19.3035
1.97547	-16.0396
5.19942	-14.9756
3.35129	-16.6701
-1.72341	-12.0728
-1.90179	-16.9474
-0.821491	-8.50442
-10.1048	-11.7866
-11.7501	-42.3125
-14.5449	-31.3903
-14.4792	-26.6507
-23.9065	-33.0333
-30.3936	-19.8612
-22.1067	-18.0389
-10.1773	-19.7448
-8.93801	-32.1379
4.22937	-25.9394
-3.6434	-37.1704
-9.49144	-39.6079
-19.9482	-48.4446
-8.10729	-9.41358
-18.8535	-12.6839
-15.1665	-9.88493
-17.6863	-14.3146
-28.2914	-30.3671
-15.0072	-13.5636
3.30485	-12.6508
-0.0875179	-18.6586
-5.5034	-18.0447
-7.89147	-10.7755
-2.22986	-6.58302
5.77217	-4.7741
-7.7906	-39.1851
-4.60129	-32.66
-44.6897	-24.7059
-46.5856	-22.8109
-36.9268	-4.05797
-32.8395	-12.0352
-18.9557	-20.21
-14.1895	-28.3932
-10.4227	-39.2512
3.02578	-30.4726
7.43725	-37.4717
-17.5994	-54.8478
-22.2056	-29.9537
-16.1672	-19.1539
-7.9164	-18.3814
-6.82544	-10.4593
-6.48155	-2.35882
-3.48122	-12.7149
-14.7678	-23.6313
-17.4945	-25.9887
-11.627	-18.9437
-18.7755	-18.072
-23.8883	-29.9235
-12.8928	-15.3927
-15.7952	-19.7253
-22.4591	-15.1651
-20.1105	-15.5388
-19.4155	-11.2881
-16.5275	-14.9292
-11.2122	-11.1161
-14.8781	-10.6711
-17.6598	-2.50182
-28.1606	-0.977562
-23.6138	-0.177433
-18.7646	-10.1557
-6.50881	-15.3138
0.117731	-30.7541
-0.812324	-39.1875
1.64901	-31.9716
-14.8348	-38.8896
-6.59764	-20.9665
8.12694	-20.6235
-0.0446467	-24.6364
-16.5895	-41.3537
-11.8266	-32.6044
-13.7115	-36.0672
-7.26853	-38.7609
-11.8681	-22.6013
-23.3004	-32.7659
-14.8524	-17.7296
-14.642	-13.9597
-20.0082	-22.1092
-3.37553	-7.26929
-12.4395	-8.03801
-16.74	-11.2691
-17.7697	-12.4382
-17.6752	-22.8037
-9.1621	-15.509
-13.9195	-22.6459
-13.2657	-15.7237
-16.4498	-17.9441
-18.0456	-22.3965
-14.7449	-21.3772
-15.9942	-16.5107
-14.3515	-13.6815
-20.0476	-20.093
-21.2977	-26.4134
-13.0291	-20.1231
-17.0033	-28.1212
-15.7337	-29.1773
-23.8694	-24.5013
-23.0222	-17.5773
-17.5352	-15.1064
-15.853	-14.8484
-8.33613	-7.01977
-8.64949	-8.03399
-9.88725	-19.1127
-3.80609	-16.9937
2.45414	-26.6507
-5.22388	-39.9311
9.56199	-28.364
6.69268	-30.8115
18.1078	-27.4234
18.4678	-34.1594
17.4285	-27.9147
4.91412	-21.9393
1.95856	-15.9782
1.75026	-24.5702
4.30027	-19.89
20.8702	-23.9637
7.50419	-37.7456
15.1358	-34.9025
-2.27969	-30.5018
3.99734	-41.739
-7.44683	-44.2807
-16.5631	-40.099
-15.835	-27.7971
-18.6115	-11.6093
-20.2674	-19.6612
-21.6921	-21.2338
-15.7673	-26.547
-15.0244	-33.7201
-18.1313	-21.3879
-19.0216	-26.4324
-22.3863	-22.5038
-30.2293	-28.0818
-25.8682	-24.9797
-21.0723	-25.0789
-15.5605	-23.3463
-18.8569	-27.1909
-10.071	-21.2205
5.84232	-28.9056
-7.01876	-23.287
-11.4975	-22.7576
-0.315868	-18.17
3.19988	-30.949
8.17692	-35.5603
4.90631	-58.0171
3.81953	-69.5478
4.6814	-66.8488
-6.00833	-76.7012
-5.08565	-75.6467
-0.51118	-64.8404
-5.79509	-65.5587
-3.68616	-67.2412
-2.48241	-47.6161
-4.61021	-43.415
-11.5768	-42.1647
-16.0292	-47.6754
-10.7873	-45.7009
-15.2919	-50.0194
-14.8718	-39.9925
-18.2853	-41.4884
-18.3158	-40.2921
-22.1957	-45.1291
-4.29097	-31.2973
-11.1589	-34.8606
-6.22664	-33.1202
3.19219	-29.7004
-9.06191	-42.8796
5.6791	-28.3036
-3.64121	-35.7259
-0.856754	-27.8942
-4.20606	-23.1135
13.6499	-22.8785
10.3086	-22.6128
7.49639	-23.0741
2.53902	-32.0368
-4.92792	-31.2113
-13.5489	-27.2699
-14.5264	-25.7036
-14.9496	-23.0508
-9.70755	-18.983
-18.7255	-26.4316
-14.0659	-31.2394
-0.964308	-20.7174
0.785047	-20.3325
-1.13967	-16.5706
0.663839	-14.1176
-0.686729	-24.3463
-1.92716	-24.5385
-0.0378526	-16.5494
5.44758	-20.3563
11.5953	-11.7528
6.223	-10.8954
-3.19681	-30.9146
-2.77101	-45.3584
1.23776	-33.7736
0.83454	-24.0674
-0.490142	-21.9128
-3.73076	-20.0647
-1.71286	-21.6946
-5.95149	-25.6708
-9.15841	-38.1291
-4.92172	-47.2221
5.6417	-51.5888
5.16759	-35.874
-0.0367281	-52.2634
-6.19506	-69.6992
-9.45346	-61.17
-0.133384	-50.9709
-8.6738	-49.1487
-11.2395	-52.9871
-20.0061	-59.1006
-18.5754	-58.2244
-14.7637	-55.9837
-15.5966	-59.9673
-10.1319	-56.6605
-0.931097	-48.0698
-0.826133	-44.6135
-2.71546	-34.9089
-3.98294	-32.1079
2.0601	-7.59903
-1.02859	-3.89324
8.00935	6.16918
-4.64079	10.7038
